AppV1 539.848120 2.000000 0.000000 0.000000 0.000000 0.000000
AppV1 556.848126 2.000000 0.000000 2.000000 0.000000 0.000000
AppV1 566.891672 2.000000 0.000000 15.000000 0.000000 0.000000
AppV1 782.355479 2.000000 0.000000 28.000000 0.000000 0.000000
AppV1 792.355486 2.000000 0.000000 48.000000 0.000000 0.000000
AppV1 854.330043 2.000000 0.000000 58.000000 0.000000 0.000000
AppV1 864.330043 2.000000 0.000000 72.000000 0.000000 0.000000
AppV1 874.330047 2.000000 0.000000 92.000000 0.000000 0.000000
AppV1 884.330047 3.000000 0.000000 112.000000 0.000000 0.000000
AppV1 894.330047 4.000000 0.000000 132.000000 0.000000 0.000000
AppV1 904.330048 4.000000 0.000000 152.000000 0.000000 0.000000
AppV1 914.335614 5.000000 0.000000 182.000000 0.000000 0.000000
AppV1 924.335616 4.000000 0.000000 223.000000 0.000000 0.000000
AppV1 934.858893 4.000000 0.000000 251.000000 0.000000 0.000000
AppV1 945.330051 4.000000 0.000000 299.000000 0.000000 0.000000
AppV1 955.335609 5.000000 0.000000 361.000000 0.000000 0.000000
AppV1 977.641238 2.000000 0.000000 381.000000 0.000000 0.000000
AppV1 988.119033 4.000000 0.000000 382.000000 0.000000 0.000000
AppV1 998.119034 4.000000 0.000000 402.000000 0.000000 0.000000
AppV1 1008.641249 4.000000 0.000000 449.000000 0.000000 0.000000
AppV1 1018.996656 4.000000 0.000000 511.000000 0.000000 0.000000
AppV1 1029.119027 4.000000 0.000000 573.000000 0.000000 0.000000
AppV1 1039.119034 4.000000 0.000000 633.000000 0.000000 0.000000
AppV1 1049.641246 3.000000 0.000000 689.000000 0.000000 0.000000
AppV1 1468.240140 2.000000 0.000000 709.000000 0.000000 0.000000
AppV1 1478.240142 3.000000 0.000000 729.000000 0.000000 0.000000
AppV1 1727.215292 2.000000 0.000000 731.000000 0.000000 0.000000
AppV1 1737.215293 2.000000 0.000000 751.000000 0.000000 0.000000
AppV1 1858.105949 4.000000 0.000000 765.000000 0.000000 0.000000
AppV1 1868.116778 4.000000 0.000000 778.000000 0.000000 0.000000
AppV1 1879.105943 4.000000 0.000000 787.000000 0.000000 0.000000
AppV1 1889.116775 3.000000 0.000000 808.000000 0.000000 0.000000
AppV1 1900.105949 2.000000 0.000000 823.000000 0.000000 0.000000
AppV1 1910.116779 2.000000 0.000000 844.000000 0.000000 0.000000
AppV1 2471.970962 2.000000 0.000000 859.000000 0.000000 0.000000
AppV1 2503.970960 2.000000 0.000000 874.000000 0.000000 0.000000
AppV1 2834.001851 2.000000 0.000000 876.000000 0.000000 0.000000
AppV1 2844.001855 2.000000 0.000000 886.000000 9.000000 10.000000
AppV1 2874.941794 4.000000 0.000000 891.000000 14.000000 15.000000
AppV1 2896.941802 4.000000 0.000000 897.000000 14.000000 15.000000
AppV1 2907.091040 4.000000 0.000000 918.000000 14.000000 15.000000
AppV1 2917.941799 3.000000 0.000000 939.000000 14.000000 15.000000
AppV1 3205.778947 2.000000 0.000000 951.000000 14.000000 15.000000
AppV1 3788.175788 3.000000 0.000000 955.000000 14.000000 15.000000
AppV1 3798.175794 3.000000 0.000000 975.000000 14.000000 15.000000
AppV1 3808.376450 3.000000 0.000000 996.000000 14.000000 15.000000
AppV1 3818.376452 3.000000 0.000000 1016.000000 14.000000 15.000000
AppV1 3828.376453 3.000000 0.000000 1036.000000 14.000000 15.000000
AppV1 3838.376455 3.000000 0.000000 1056.000000 14.000000 15.000000
AppV1 3848.376458 2.000000 0.000000 1076.000000 14.000000 15.000000
AppV1 4067.940791 2.000000 0.000000 1095.000000 14.000000 15.000000
AppV1 4082.940788 2.000000 0.000000 1111.000000 14.000000 15.000000
AppV1 4093.148992 2.000000 0.000000 1132.000000 14.000000 15.000000
AppV1 4256.198593 2.000000 0.000000 1148.000000 14.000000 16.000000
AppV1 4493.564308 4.000000 0.000000 1158.000000 22.000000 24.000000
AppV1 4518.910884 4.000000 0.000000 1168.000000 22.000000 24.000000
AppV1 4529.078112 4.000000 0.000000 1176.000000 22.000000 24.000000
AppV1 4541.910882 4.000000 0.000000 1183.000000 22.000000 24.000000
AppV1 4552.705731 4.000000 0.000000 1216.000000 22.000000 24.000000
AppV1 4562.705739 4.000000 0.000000 1276.000000 22.000000 24.000000
AppV1 4572.901722 4.000000 0.000000 1337.000000 22.000000 24.000000
AppV1 4582.910884 4.000000 0.000000 1369.000000 22.000000 24.000000
AppV1 4593.078102 4.000000 0.000000 1414.000000 22.000000 24.000000
AppV1 4603.705731 3.000000 0.000000 1474.000000 22.000000 24.000000
AppV1 5520.343312 2.000000 0.000000 1480.000000 22.000000 24.000000
AppV1 5530.386163 2.000000 0.000000 1501.000000 22.000000 24.000000
AppV1 5646.386160 2.000000 0.000000 1506.000000 22.000000 24.000000
AppV1 5675.133336 3.000000 0.000000 1516.000000 22.000000 24.000000
AppV1 5685.569555 2.000000 0.000000 1537.000000 22.000000 24.000000
AppV1 5695.569562 2.000000 0.000000 1557.000000 22.000000 24.000000
AppV1 5706.133340 2.000000 0.000000 1578.000000 22.000000 24.000000
AppV1 5925.586696 2.000000 0.000000 1582.000000 22.000000 24.000000
AppV1 6012.048462 2.000000 0.000000 1583.000000 22.000000 25.000000
AppV1 6022.461237 2.000000 0.000000 1604.000000 22.000000 25.000000
AppV1 6043.461233 2.000000 0.000000 1605.000000 22.000000 25.000000
AppV1 6135.914208 2.000000 0.000000 1609.000000 22.000000 25.000000
AppV1 6146.461233 2.000000 0.000000 1630.000000 22.000000 25.000000
AppV1 6156.461235 2.000000 0.000000 1650.000000 22.000000 25.000000
AppV1 6166.461237 3.000000 0.000000 1670.000000 22.000000 25.000000
AppV1 6191.526428 3.000000 0.000000 1680.000000 22.000000 25.000000
AppV1 6201.526430 3.000000 0.000000 1700.000000 22.000000 25.000000
AppV1 6216.526429 3.000000 0.000000 1701.000000 22.000000 25.000000
AppV1 6227.258712 3.000000 0.000000 1722.000000 22.000000 25.000000
AppV1 6237.258715 3.000000 0.000000 1742.000000 22.000000 25.000000
AppV1 6252.258707 3.000000 0.000000 1760.000000 22.000000 25.000000
AppV1 6439.171247 3.000000 0.000000 1762.000000 22.000000 25.000000
AppV1 6449.171252 3.000000 0.000000 1782.000000 22.000000 25.000000
AppV1 7410.594914 2.000000 0.000000 1796.000000 22.000000 25.000000
AppV1 7420.807119 2.000000 0.000000 1817.000000 22.000000 25.000000
AppV1 7431.594912 3.000000 0.000000 1838.000000 22.000000 25.000000
AppV1 7441.807117 3.000000 0.000000 1859.000000 22.000000 25.000000
AppV1 7455.541767 4.000000 0.000000 1874.000000 22.000000 25.000000
AppV1 7471.541760 3.000000 0.000000 1897.000000 22.000000 25.000000
AppV1 7491.038636 3.000000 0.000000 1908.000000 22.000000 25.000000
AppV1 7501.541756 4.000000 0.000000 1922.000000 23.000000 27.000000
AppV1 7511.541765 5.000000 0.000000 1951.000000 25.000000 29.000000
AppV1 7522.885735 3.000000 0.000000 1989.000000 32.000000 36.000000
AppV1 7540.327355 3.000000 0.000000 2002.000000 32.000000 36.000000
AppV1 8010.753243 2.000000 0.000000 2003.000000 32.000000 37.000000
AppV1 8021.019796 2.000000 0.000000 2024.000000 32.000000 37.000000
AppV1 8031.019801 2.000000 0.000000 2044.000000 32.000000 37.000000
AppV1 8090.725478 2.000000 0.000000 2057.000000 32.000000 37.000000
AppV1 8100.753234 3.000000 0.000000 2068.000000 32.000000 37.000000
AppV1 8110.753236 3.000000 0.000000 2088.000000 32.000000 37.000000
AppV1 8120.753244 3.000000 0.000000 2108.000000 32.000000 37.000000
AppV1 8174.725476 2.000000 0.000000 2127.000000 32.000000 37.000000
AppV1 8204.302439 3.000000 0.000000 2144.000000 32.000000 37.000000
AppV1 8214.725472 3.000000 0.000000 2155.000000 32.000000 37.000000
AppV1 8224.725479 3.000000 0.000000 2175.000000 32.000000 37.000000
AppV1 8235.302433 4.000000 0.000000 2196.000000 32.000000 37.000000
AppV1 8245.725469 4.000000 0.000000 2217.000000 32.000000 37.000000
AppV1 8255.725477 4.000000 0.000000 2237.000000 32.000000 37.000000
AppV1 8842.877382 4.000000 0.000000 2247.000000 33.000000 38.000000
AppV1 8853.066550 4.000000 0.000000 2264.000000 43.000000 52.000000
AppV1 8863.163651 4.000000 0.000000 2306.000000 53.000000 72.000000
AppV1 8873.877381 4.000000 0.000000 2335.000000 64.000000 93.000000
AppV1 8883.877384 2.000000 0.000000 2349.000000 74.000000 108.000000
AppV1 8893.877389 3.000000 0.000000 2359.000000 75.000000 118.000000
AppV1 9340.018982 3.000000 0.000000 2370.000000 75.000000 127.000000
AppV1 9627.662773 3.000000 0.000000 2372.000000 75.000000 127.000000
AppV1 9637.733264 3.000000 0.000000 2393.000000 75.000000 127.000000
AppV1 9647.733273 2.000000 0.000000 2413.000000 75.000000 127.000000
AppV1 9658.662771 3.000000 0.000000 2434.000000 75.000000 127.000000
AppV1 9668.662771 3.000000 0.000000 2454.000000 75.000000 127.000000
AppV1 9678.662772 3.000000 0.000000 2474.000000 75.000000 127.000000
AppV1 9689.662771 3.000000 0.000000 2488.000000 75.000000 127.000000
AppV1 9712.662773 4.000000 0.000000 2490.000000 75.000000 127.000000
AppV1 9726.662772 4.000000 0.000000 2498.000000 75.000000 127.000000
AppV1 9958.313049 3.000000 0.000000 2500.000000 75.000000 127.000000
AppV1 10015.185211 2.000000 0.000000 2506.000000 75.000000 127.000000
AppV1 10473.008800 2.000000 0.000000 2511.000000 76.000000 128.000000
AppV1 10932.540419 2.000000 0.000000 2520.000000 83.000000 136.000000
AppV1 11118.191282 6.000000 0.000000 2522.000000 83.000000 136.000000
AppV1 11128.191283 6.000000 0.000000 2542.000000 83.000000 136.000000
AppV1 11138.191284 6.000000 0.000000 2562.000000 83.000000 136.000000
AppV1 11148.191287 6.000000 0.000000 2584.000000 83.000000 136.000000
AppV1 11158.191291 6.000000 0.000000 2612.000000 83.000000 136.000000
AppV1 11168.325108 6.000000 0.000000 2643.000000 83.000000 136.000000
AppV1 11179.194050 4.000000 0.000000 2647.000000 83.000000 136.000000
AppV1 11189.194053 4.000000 0.000000 2667.000000 83.000000 136.000000
AppV1 11199.194053 4.000000 0.000000 2702.000000 83.000000 136.000000
AppV1 11209.194053 4.000000 0.000000 2742.000000 83.000000 136.000000
AppV1 11219.459544 2.000000 0.000000 2770.000000 83.000000 136.000000
AppV1 11229.459545 3.000000 0.000000 2790.000000 83.000000 136.000000
AppV1 11239.459547 3.000000 0.000000 2810.000000 83.000000 136.000000
AppV1 11249.459548 3.000000 0.000000 2830.000000 83.000000 136.000000
AppV1 11260.191290 3.000000 0.000000 2851.000000 83.000000 136.000000
AppV1 11271.240018 3.000000 0.000000 2861.000000 83.000000 136.000000
AppV1 11806.121553 4.000000 0.000000 2874.000000 84.000000 137.000000
AppV1 11816.491797 4.000000 0.000000 2885.000000 92.000000 147.000000
AppV1 11827.121560 4.000000 0.000000 2895.000000 102.000000 158.000000
AppV1 11837.491792 4.000000 0.000000 2908.000000 112.000000 168.000000
AppV1 11847.491802 4.000000 0.000000 2918.000000 121.000000 178.000000
AppV1 11858.121551 4.000000 0.000000 2928.000000 129.000000 189.000000
AppV1 11868.121558 4.000000 0.000000 2938.000000 133.000000 199.000000
AppV1 12559.061668 2.000000 0.000000 2948.000000 138.000000 207.000000
AppV1 12569.760265 2.000000 0.000000 2969.000000 138.000000 207.000000
AppV1 13086.569512 3.000000 0.000000 2973.000000 138.000000 207.000000
AppV1 13096.569517 4.000000 0.000000 2993.000000 138.000000 207.000000
AppV1 13106.569843 5.000000 0.000000 3032.000000 157.000000 226.000000
AppV1 13116.569849 6.000000 0.000000 3072.000000 177.000000 246.000000
AppV1 13126.937013 6.000000 0.000000 3113.000000 196.000000 267.000000
AppV1 13136.937017 6.000000 0.000000 3155.000000 198.000000 271.000000
AppV1 13146.937021 6.000000 0.000000 3185.000000 198.000000 271.000000
AppV1 13157.569510 5.000000 0.000000 3208.000000 198.000000 271.000000
AppV1 13167.569512 4.000000 0.000000 3228.000000 198.000000 271.000000
AppV1 13177.569842 5.000000 0.000000 3240.000000 201.000000 276.000000
AppV1 13187.569845 4.000000 0.000000 3264.000000 202.000000 280.000000
AppV1 13274.975093 4.000000 0.000000 3271.000000 204.000000 283.000000
AppV1 13609.897712 2.000000 0.000000 3288.000000 204.000000 283.000000
AppV1 13632.293175 2.000000 0.000000 3306.000000 204.000000 283.000000
AppV1 13996.451075 2.000000 0.000000 3311.000000 204.000000 283.000000
AppV1 14235.038566 3.000000 0.000000 3330.000000 204.000000 283.000000
AppV1 14245.475146 3.000000 0.000000 3351.000000 204.000000 283.000000
AppV1 14457.025589 3.000000 0.000000 3372.000000 204.000000 283.000000
AppV1 14481.208791 6.000000 0.000000 3390.000000 205.000000 286.000000
AppV1 14491.466714 6.000000 0.000000 3415.000000 205.000000 286.000000
AppV1 14501.466722 5.000000 0.000000 3437.000000 205.000000 286.000000
AppV1 14512.400566 5.000000 0.000000 3464.000000 205.000000 286.000000
AppV1 14522.400569 5.000000 0.000000 3484.000000 205.000000 286.000000
AppV1 14532.400571 4.000000 0.000000 3504.000000 205.000000 286.000000
AppV1 14542.466717 4.000000 0.000000 3525.000000 205.000000 286.000000
AppV1 14552.466723 4.000000 0.000000 3545.000000 205.000000 286.000000
AppV1 14571.124278 3.000000 0.000000 3550.000000 205.000000 286.000000
AppV1 14581.466716 3.000000 0.000000 3571.000000 205.000000 286.000000
AppV1 14591.466718 4.000000 0.000000 3622.000000 205.000000 286.000000
AppV1 14601.466720 4.000000 0.000000 3705.000000 205.000000 286.000000
AppV1 14611.466725 5.000000 0.000000 3804.000000 205.000000 286.000000
AppV1 14621.670536 4.000000 0.000000 3943.000000 205.000000 286.000000
AppV1 14632.124285 4.000000 0.000000 4051.000000 205.000000 286.000000
AppV1 14642.390909 4.000000 0.000000 4144.000000 205.000000 286.000000
AppV1 14652.670532 4.000000 0.000000 4183.000000 205.000000 286.000000
AppV1 14663.390908 4.000000 0.000000 4208.000000 205.000000 286.000000
AppV1 14673.390908 4.000000 0.000000 4228.000000 205.000000 286.000000
AppV1 14683.390908 4.000000 0.000000 4248.000000 205.000000 286.000000
AppV1 14693.390910 4.000000 0.000000 4268.000000 205.000000 286.000000
AppV1 14703.390918 4.000000 0.000000 4302.000000 205.000000 286.000000
AppV1 14713.670531 5.000000 0.000000 4364.000000 205.000000 286.000000
AppV1 14723.670533 5.000000 0.000000 4424.000000 205.000000 286.000000
AppV1 14734.390909 5.000000 0.000000 4460.000000 205.000000 286.000000
AppV1 14744.390911 5.000000 0.000000 4480.000000 205.000000 286.000000
AppV1 14754.390912 7.000000 0.000000 4541.000000 205.000000 286.000000
AppV1 14764.390915 7.000000 0.000000 4611.000000 205.000000 286.000000
AppV1 14774.531810 6.000000 0.000000 4635.000000 205.000000 286.000000
AppV1 14792.932656 4.000000 0.000000 4636.000000 205.000000 286.000000
AppV1 14847.932661 2.000000 0.000000 4650.000000 205.000000 286.000000
AppV1 15042.319301 3.000000 0.000000 4668.000000 205.000000 286.000000
AppV1 15052.427390 3.000000 0.000000 4689.000000 205.000000 286.000000
AppV1 15063.319303 3.000000 0.000000 4716.000000 205.000000 286.000000
AppV1 15093.418451 5.000000 0.000000 4726.000000 205.000000 286.000000
AppV1 15103.848989 5.000000 0.000000 4736.000000 216.000000 297.000000
AppV1 15114.418447 5.000000 0.000000 4747.000000 226.000000 307.000000
AppV1 15124.418449 5.000000 0.000000 4757.000000 236.000000 317.000000
AppV1 15571.615686 4.000000 0.000000 4769.000000 244.000000 325.000000
AppV1 15581.615688 4.000000 0.000000 4789.000000 244.000000 325.000000
AppV1 15637.766033 4.000000 0.000000 4807.000000 244.000000 325.000000
AppV1 15647.766034 4.000000 0.000000 4827.000000 244.000000 325.000000
AppV1 15657.828522 4.000000 0.000000 4848.000000 244.000000 325.000000
AppV1 15909.926916 3.000000 0.000000 4869.000000 244.000000 325.000000
AppV1 15920.584417 3.000000 0.000000 4890.000000 244.000000 325.000000
AppV1 15980.300282 4.000000 0.000000 4907.000000 244.000000 325.000000
AppV1 15990.300285 3.000000 0.000000 4927.000000 244.000000 325.000000
AppV1 16000.926910 3.000000 0.000000 4948.000000 244.000000 325.000000
AppV1 16024.400017 4.000000 0.000000 4961.000000 244.000000 325.000000
AppV1 16034.831853 4.000000 0.000000 4982.000000 244.000000 325.000000
AppV1 16044.831859 3.000000 0.000000 4999.000000 244.000000 325.000000
AppV1 16060.400008 2.000000 0.000000 5015.000000 244.000000 325.000000
AppV1 16093.447777 3.000000 0.000000 5026.000000 244.000000 326.000000
AppV1 16148.447780 5.000000 0.000000 5034.000000 253.000000 335.000000
AppV1 16158.634901 5.000000 0.000000 5046.000000 253.000000 335.000000
AppV1 16169.231463 4.000000 0.000000 5065.000000 255.000000 338.000000
AppV1 16179.231468 3.000000 0.000000 5085.000000 255.000000 338.000000
AppV1 16254.231473 2.000000 0.000000 5097.000000 255.000000 338.000000
AppV1 16264.811812 4.000000 0.000000 5141.000000 255.000000 338.000000
AppV1 16274.858636 4.000000 0.000000 5175.000000 255.000000 338.000000
AppV1 16285.231473 5.000000 0.000000 5204.000000 255.000000 338.000000
AppV1 16295.732048 5.000000 0.000000 5245.000000 255.000000 338.000000
AppV1 16305.858628 4.000000 0.000000 5273.000000 255.000000 338.000000
AppV1 16315.858635 3.000000 0.000000 5291.000000 255.000000 338.000000
AppV1 16326.732044 3.000000 0.000000 5312.000000 255.000000 338.000000
AppV1 16336.732047 3.000000 0.000000 5344.000000 255.000000 338.000000
AppV1 16346.732052 3.000000 0.000000 5377.000000 255.000000 338.000000
AppV1 16357.201212 3.000000 0.000000 5398.000000 255.000000 338.000000
AppV1 16367.732050 3.000000 0.000000 5419.000000 255.000000 338.000000
AppV1 16377.732052 3.000000 0.000000 5439.000000 255.000000 338.000000
AppV1 16388.201209 4.000000 0.000000 5484.000000 255.000000 338.000000
AppV1 16398.492090 5.000000 0.000000 5553.000000 255.000000 338.000000
AppV1 16408.492096 3.000000 0.000000 5617.000000 255.000000 338.000000
AppV1 16418.492549 4.000000 0.000000 5672.000000 255.000000 338.000000
AppV1 16428.492550 4.000000 0.000000 5732.000000 255.000000 338.000000
AppV1 16438.552522 5.000000 0.000000 5794.000000 255.000000 338.000000
AppV1 16449.182244 5.000000 0.000000 5848.000000 255.000000 338.000000
AppV1 16459.182244 5.000000 0.000000 5911.000000 255.000000 338.000000
AppV1 16469.492541 6.000000 0.000000 5973.000000 255.000000 338.000000
AppV1 16479.492546 6.000000 0.000000 6027.000000 255.000000 338.000000
AppV1 16489.492546 6.000000 0.000000 6047.000000 255.000000 338.000000
AppV1 16499.492547 5.000000 0.000000 6067.000000 255.000000 338.000000
AppV1 16509.492547 6.000000 0.000000 6101.000000 255.000000 338.000000
AppV1 16519.552522 8.000000 0.000000 6167.000000 255.000000 338.000000
AppV1 16529.688436 7.000000 0.000000 6195.000000 255.000000 338.000000
AppV1 16539.826788 8.000000 0.000000 6221.000000 258.000000 341.000000
AppV1 16550.326278 9.000000 0.000000 6252.000000 269.000000 352.000000
AppV1 16560.368907 10.000000 0.000000 6327.000000 278.000000 361.000000
AppV1 16570.368910 10.000000 0.000000 6413.000000 278.000000 361.000000
AppV1 16580.368910 9.000000 0.000000 6488.000000 278.000000 361.000000
AppV1 16590.492086 8.000000 0.000000 6533.000000 278.000000 361.000000
AppV1 16600.492088 7.000000 0.000000 6576.000000 278.000000 361.000000
AppV1 16610.732827 7.000000 0.000000 6602.000000 278.000000 363.000000
AppV1 16624.488598 7.000000 0.000000 6611.000000 278.000000 363.000000
AppV1 16634.688437 7.000000 0.000000 6653.000000 278.000000 363.000000
AppV1 16646.064414 5.000000 0.000000 6709.000000 278.000000 363.000000
AppV1 16774.235009 2.000000 0.000000 6722.000000 284.000000 369.000000
AppV1 16784.365208 2.000000 0.000000 6743.000000 284.000000 369.000000
AppV1 16849.307639 5.000000 0.000000 6760.000000 284.000000 369.000000
AppV1 16859.395611 5.000000 0.000000 6792.000000 284.000000 369.000000
AppV1 16869.444511 5.000000 0.000000 6841.000000 284.000000 369.000000
AppV1 16880.307629 6.000000 0.000000 6862.000000 284.000000 369.000000
AppV1 16890.307637 4.000000 0.000000 6881.000000 284.000000 369.000000
AppV1 16900.907820 5.000000 0.000000 6903.000000 284.000000 369.000000
AppV1 16911.907821 5.000000 0.000000 6921.000000 284.000000 369.000000
AppV1 16922.013829 7.000000 0.000000 6941.000000 284.000000 369.000000
AppV1 16932.013830 7.000000 0.000000 6961.000000 284.000000 369.000000
AppV1 16942.013837 6.000000 0.000000 6981.000000 284.000000 369.000000
AppV1 16952.907819 6.000000 0.000000 7010.000000 284.000000 369.000000
AppV1 16963.117960 5.000000 0.000000 7054.000000 284.000000 369.000000
AppV1 16973.307633 5.000000 0.000000 7094.000000 284.000000 369.000000
AppV1 16983.307640 4.000000 0.000000 7118.000000 284.000000 369.000000
AppV1 16993.395601 4.000000 0.000000 7157.000000 284.000000 369.000000
AppV1 17003.834041 3.000000 0.000000 7182.000000 284.000000 369.000000
AppV1 17014.117969 2.000000 0.000000 7203.000000 284.000000 369.000000
AppV1 17031.834036 2.000000 0.000000 7211.000000 284.000000 369.000000
AppV1 17102.644444 2.000000 0.000000 7228.000000 284.000000 369.000000
AppV1 17112.644451 2.000000 0.000000 7248.000000 284.000000 369.000000
AppV1 17166.947022 4.000000 0.000000 7266.000000 284.000000 369.000000
AppV1 17190.395130 6.000000 0.000000 7277.000000 284.000000 369.000000
AppV1 17200.442849 9.000000 0.000000 7343.000000 289.000000 375.000000
AppV1 17210.510187 8.000000 0.000000 7457.000000 289.000000 375.000000
AppV1 17220.510193 9.000000 0.000000 7552.000000 289.000000 375.000000
AppV1 17230.644439 10.000000 0.000000 7604.000000 289.000000 375.000000
AppV1 17240.644445 10.000000 0.000000 7694.000000 289.000000 375.000000
AppV1 17251.004159 10.000000 0.000000 7778.000000 289.000000 375.000000
AppV1 17261.385787 10.000000 0.000000 7862.000000 289.000000 375.000000
AppV1 17271.385790 9.000000 0.000000 7953.000000 289.000000 375.000000
AppV1 17281.415487 8.000000 0.000000 8054.000000 289.000000 375.000000
AppV1 17291.415494 8.000000 0.000000 8104.000000 289.000000 375.000000
AppV1 17308.385788 8.000000 0.000000 8115.000000 289.000000 375.000000
AppV1 17318.397942 8.000000 0.000000 8127.000000 289.000000 375.000000
AppV1 17328.459796 8.000000 0.000000 8148.000000 289.000000 375.000000
AppV1 17341.036264 10.000000 0.000000 8177.000000 289.000000 375.000000
AppV1 17351.042998 10.000000 0.000000 8200.000000 289.000000 375.000000
AppV1 17361.049145 9.000000 0.000000 8234.000000 289.000000 375.000000
AppV1 17371.459792 10.000000 0.000000 8253.000000 289.000000 375.000000
AppV1 17381.459800 10.000000 0.000000 8370.000000 289.000000 375.000000
AppV1 17391.627639 10.000000 0.000000 8495.000000 289.000000 375.000000
AppV1 17401.627642 8.000000 0.000000 8616.000000 289.000000 375.000000
AppV1 17411.627652 6.000000 0.000000 8696.000000 289.000000 375.000000
AppV1 17422.043000 6.000000 0.000000 8757.000000 289.000000 375.000000
AppV1 17432.392390 7.000000 0.000000 8847.000000 289.000000 375.000000
AppV1 17442.392391 7.000000 0.000000 8941.000000 289.000000 375.000000
AppV1 17452.392400 7.000000 0.000000 9021.000000 289.000000 375.000000
AppV1 17462.397941 6.000000 0.000000 9083.000000 299.000000 387.000000
AppV1 17472.627640 5.000000 0.000000 9130.000000 305.000000 395.000000
AppV1 17482.627644 3.000000 0.000000 9150.000000 305.000000 395.000000
AppV1 17492.746259 3.000000 0.000000 9171.000000 305.000000 395.000000
AppV1 17506.097636 6.000000 0.000000 9180.000000 305.000000 395.000000
AppV1 17516.627650 7.000000 0.000000 9195.000000 305.000000 395.000000
AppV1 17526.627651 7.000000 0.000000 9216.000000 305.000000 395.000000
AppV1 17536.677807 8.000000 0.000000 9244.000000 310.000000 404.000000
AppV1 17555.677808 5.000000 0.000000 9250.000000 314.000000 408.000000
AppV1 17565.916469 6.000000 0.000000 9267.000000 331.000000 425.000000
AppV1 17593.809856 4.000000 0.000000 9298.000000 341.000000 441.000000
AppV1 17603.916478 4.000000 0.000000 9309.000000 341.000000 441.000000
AppV1 17614.221191 4.000000 0.000000 9328.000000 341.000000 441.000000
AppV1 17634.809852 3.000000 0.000000 9335.000000 341.000000 441.000000
AppV1 17645.221193 3.000000 0.000000 9353.000000 341.000000 441.000000
AppV1 17695.303836 3.000000 0.000000 9373.000000 341.000000 441.000000
AppV1 17708.303835 4.000000 0.000000 9374.000000 341.000000 441.000000
AppV1 17718.809857 4.000000 0.000000 9395.000000 341.000000 441.000000
AppV1 17728.809858 4.000000 0.000000 9415.000000 341.000000 441.000000
AppV1 17739.303828 4.000000 0.000000 9436.000000 341.000000 441.000000
AppV1 17749.303836 7.000000 0.000000 9458.000000 341.000000 441.000000
AppV1 17759.757484 8.000000 0.000000 9503.000000 341.000000 441.000000
AppV1 17769.757492 10.000000 0.000000 9598.000000 341.000000 441.000000
AppV1 17779.809856 10.000000 0.000000 9750.000000 341.000000 441.000000
AppV1 17789.952271 10.000000 0.000000 9878.000000 341.000000 441.000000
AppV1 17799.952274 10.000000 0.000000 9995.000000 341.000000 441.000000
AppV1 17809.952279 9.000000 0.000000 10066.000000 341.000000 441.000000
AppV1 17820.264802 9.000000 0.000000 10189.000000 341.000000 441.000000
AppV1 17830.264807 8.000000 0.000000 10281.000000 341.000000 441.000000
AppV1 17840.264808 8.000000 0.000000 10321.000000 341.000000 441.000000
AppV1 17850.542570 5.000000 0.000000 10343.000000 341.000000 441.000000
AppV1 17860.542583 5.000000 0.000000 10363.000000 341.000000 441.000000
AppV1 17870.741799 6.000000 0.000000 10401.000000 341.000000 441.000000
AppV1 17880.795729 7.000000 0.000000 10438.000000 351.000000 453.000000
AppV1 17890.807545 8.000000 0.000000 10541.000000 371.000000 473.000000
AppV1 17900.810718 6.000000 0.000000 10652.000000 387.000000 489.000000
AppV1 17911.460435 6.000000 0.000000 10734.000000 387.000000 489.000000
AppV1 17921.542578 5.000000 0.000000 10797.000000 387.000000 489.000000
AppV1 17931.795730 6.000000 0.000000 10882.000000 387.000000 489.000000
AppV1 17941.795734 5.000000 0.000000 10960.000000 387.000000 489.000000
AppV1 17952.460436 5.000000 0.000000 11040.000000 387.000000 489.000000
AppV1 17981.365178 4.000000 0.000000 11056.000000 387.000000 489.000000
AppV1 17991.365187 4.000000 0.000000 11076.000000 387.000000 489.000000
AppV1 18001.493923 5.000000 0.000000 11100.000000 387.000000 489.000000
AppV1 18011.493925 5.000000 0.000000 11153.000000 387.000000 489.000000
AppV1 18021.675977 5.000000 0.000000 11159.000000 387.000000 489.000000
AppV1 18031.675984 5.000000 0.000000 11179.000000 387.000000 489.000000
AppV1 18042.388165 5.000000 0.000000 11216.000000 387.000000 489.000000
AppV1 18052.675977 6.000000 0.000000 11257.000000 387.000000 489.000000
AppV1 18062.675984 7.000000 0.000000 11300.000000 387.000000 489.000000
AppV1 18073.366775 6.000000 0.000000 11362.000000 387.000000 489.000000
AppV1 18083.366777 8.000000 0.000000 11434.000000 387.000000 489.000000
AppV1 18093.444470 9.000000 0.000000 11531.000000 387.000000 489.000000
AppV1 18103.444474 9.000000 0.000000 11631.000000 387.000000 489.000000
AppV1 18113.444476 9.000000 0.000000 11738.000000 387.000000 489.000000
AppV1 18123.631385 6.000000 0.000000 11811.000000 387.000000 489.000000
AppV1 18134.027590 7.000000 0.000000 11903.000000 387.000000 489.000000
AppV1 18144.027595 7.000000 0.000000 12029.000000 387.000000 489.000000
AppV1 18154.444474 6.000000 0.000000 12125.000000 387.000000 489.000000
AppV1 18164.609123 10.000000 0.000000 12194.000000 387.000000 489.000000
AppV1 18174.626849 10.000000 0.000000 12275.000000 387.000000 489.000000
AppV1 18184.626850 11.000000 0.000000 12396.000000 387.000000 489.000000
AppV1 18194.626859 9.000000 0.000000 12561.000000 387.000000 489.000000
AppV1 18204.900393 10.000000 0.000000 12721.000000 401.000000 507.000000
AppV1 18214.907022 10.000000 0.000000 12879.000000 425.000000 534.000000
AppV1 18224.907023 8.000000 0.000000 13054.000000 474.000000 583.000000
AppV1 18235.027589 8.000000 0.000000 13196.000000 514.000000 623.000000
AppV1 18245.059377 10.000000 0.000000 13315.000000 550.000000 659.000000
AppV1 18255.059380 10.000000 0.000000 13430.000000 565.000000 674.000000
AppV1 18265.294321 11.000000 0.000000 13550.000000 574.000000 684.000000
AppV1 18275.387190 10.000000 1.000000 13623.000000 583.000000 696.000000
AppV1 18285.419910 11.000000 1.000000 13670.000000 592.000000 706.000000
AppV1 18295.722857 9.000000 1.000000 13725.000000 609.000000 724.000000
AppV1 18305.879341 10.000000 1.000000 13806.000000 629.000000 744.000000
AppV1 18315.907023 12.000000 1.000000 13951.000000 653.000000 769.000000
AppV1 18326.059374 12.000000 1.000000 14141.000000 683.000000 801.000000
AppV1 18336.059378 11.000000 1.000000 14331.000000 707.000000 836.000000
AppV1 18346.121193 12.000000 1.000000 14491.000000 742.000000 879.000000
AppV1 18356.258243 14.000000 1.000000 14607.000000 763.000000 903.000000
AppV1 18366.258244 15.000000 1.000000 14776.000000 768.000000 911.000000
AppV1 18376.368513 17.000000 1.000000 15066.000000 768.000000 913.000000
AppV1 18386.385652 15.000000 1.000000 15355.000000 776.000000 923.000000
AppV1 18396.385654 13.000000 1.000000 15616.000000 788.000000 938.000000
AppV1 18406.385655 11.000000 1.000000 15736.000000 797.000000 948.000000
AppV1 18416.385657 10.000000 1.000000 15834.000000 797.000000 949.000000
AppV1 18426.385658 9.000000 1.000000 15951.000000 810.000000 965.000000
AppV1 18436.385661 10.000000 1.000000 16022.000000 815.000000 971.000000
AppV1 18446.426075 9.000000 1.000000 16091.000000 824.000000 981.000000
AppV1 18456.426076 10.000000 1.000000 16198.000000 831.000000 991.000000
AppV1 18466.759241 10.000000 1.000000 16298.000000 840.000000 1000.000000
AppV1 18476.763636 11.000000 1.000000 16404.000000 840.000000 1000.000000
AppV1 18486.950219 10.000000 1.000000 16512.000000 840.000000 1000.000000
AppV1 18496.950227 9.000000 1.000000 16622.000000 840.000000 1000.000000
AppV1 18507.203210 8.000000 1.000000 16676.000000 840.000000 1000.000000
AppV1 18517.205210 9.000000 1.000000 16724.000000 840.000000 1000.000000
AppV1 18527.385655 9.000000 1.000000 16761.000000 840.000000 1000.000000
AppV1 18537.426075 9.000000 1.000000 16820.000000 840.000000 1000.000000
AppV1 18547.426079 10.000000 1.000000 16879.000000 840.000000 1000.000000
AppV1 18557.617019 9.000000 1.000000 16926.000000 840.000000 1000.000000
AppV1 18567.617027 8.000000 1.000000 16986.000000 840.000000 1000.000000
AppV1 18577.617027 11.000000 1.000000 17045.000000 840.000000 1000.000000
AppV1 18587.899540 11.000000 1.000000 17107.000000 840.000000 1000.000000
AppV1 18597.899545 13.000000 1.000000 17247.000000 840.000000 1000.000000
AppV1 18607.899545 13.000000 1.000000 17403.000000 840.000000 1000.000000
AppV1 18617.907194 18.000000 1.000000 17639.000000 866.000000 1028.000000
AppV1 18627.967721 18.000000 1.000000 17972.000000 910.000000 1072.000000
AppV1 18638.023504 17.000000 1.000000 18304.000000 936.000000 1105.000000
AppV1 18648.073299 18.000000 1.000000 18648.000000 951.000000 1137.000000
AppV1 18658.090377 17.000000 1.000000 18944.000000 960.000000 1154.000000
AppV1 18668.126969 15.000000 1.000000 19112.000000 962.000000 1158.000000
AppV1 18678.396419 15.000000 1.000000 19290.000000 962.000000 1158.000000
AppV1 18688.539898 15.000000 1.000000 19421.000000 963.000000 1160.000000
AppV1 18698.539906 16.000000 1.000000 19597.000000 972.000000 1179.000000
AppV1 18708.553940 15.000000 1.000000 19837.000000 989.000000 1203.000000
AppV1 18718.566582 17.000000 1.000000 20122.000000 995.000000 1209.000000
AppV1 18728.822429 17.000000 1.000000 20542.000000 995.000000 1209.000000
AppV1 18738.822434 17.000000 1.000000 20850.000000 995.000000 1209.000000
AppV1 18748.854141 16.000000 1.000000 21130.000000 995.000000 1209.000000
AppV1 18758.854143 14.000000 1.000000 21355.000000 995.000000 1210.000000
AppV1 18768.854146 14.000000 1.000000 21615.000000 995.000000 1210.000000
AppV1 18778.854148 12.000000 1.000000 21969.000000 1000.000000 1217.000000
AppV1 18788.854150 11.000000 1.000000 22261.000000 1017.000000 1241.000000
AppV1 18798.931849 11.000000 1.000000 22523.000000 1029.000000 1254.000000
AppV1 18808.967716 10.000000 1.000000 22728.000000 1029.000000 1255.000000
AppV1 18819.289938 10.000000 1.000000 22894.000000 1030.000000 1257.000000
AppV1 18829.515660 8.000000 1.000000 23030.000000 1032.000000 1262.000000
AppV1 18839.515671 6.000000 1.000000 23153.000000 1034.000000 1265.000000
AppV1 18849.805453 4.000000 1.000000 23195.000000 1034.000000 1265.000000
AppV1 18859.805465 4.000000 1.000000 23223.000000 1034.000000 1265.000000
AppV1 18870.145615 7.000000 1.000000 23233.000000 1034.000000 1265.000000
AppV1 18880.145616 7.000000 1.000000 23253.000000 1034.000000 1265.000000
AppV1 18890.213384 7.000000 1.000000 23275.000000 1034.000000 1265.000000
AppV1 18900.805459 8.000000 1.000000 23289.000000 1034.000000 1265.000000
AppV1 18911.042559 9.000000 1.000000 23321.000000 1034.000000 1265.000000
AppV1 18921.654269 9.000000 1.000000 23387.000000 1034.000000 1265.000000
AppV1 18931.654275 8.000000 1.000000 23407.000000 1034.000000 1265.000000
AppV1 18941.654278 8.000000 1.000000 23464.000000 1034.000000 1265.000000
AppV1 18951.759723 8.000000 1.000000 23536.000000 1034.000000 1265.000000
AppV1 18962.042549 8.000000 1.000000 23618.000000 1034.000000 1265.000000
AppV1 18972.042549 8.000000 1.000000 23670.000000 1034.000000 1265.000000
AppV1 18987.654270 9.000000 1.000000 23686.000000 1034.000000 1265.000000
AppV1 18998.042557 7.000000 1.000000 23704.000000 1034.000000 1265.000000
AppV1 19023.541834 7.000000 1.000000 23726.000000 1034.000000 1265.000000
AppV1 19033.690286 7.000000 1.000000 23774.000000 1034.000000 1265.000000
AppV1 19044.308075 6.000000 1.000000 23836.000000 1034.000000 1265.000000
AppV1 19054.541835 5.000000 1.000000 23890.000000 1034.000000 1265.000000
AppV1 19064.690279 5.000000 1.000000 23911.000000 1034.000000 1265.000000
AppV1 19074.690283 5.000000 1.000000 23931.000000 1034.000000 1265.000000
AppV1 19084.690288 6.000000 1.000000 23952.000000 1034.000000 1266.000000
AppV1 19096.541829 5.000000 1.000000 23970.000000 1039.000000 1271.000000
AppV1 19106.541830 8.000000 1.000000 23996.000000 1039.000000 1273.000000
AppV1 19116.541836 8.000000 1.000000 24072.000000 1041.000000 1276.000000
AppV1 19126.574001 9.000000 1.000000 24129.000000 1042.000000 1278.000000
AppV1 19136.610230 8.000000 1.000000 24181.000000 1042.000000 1278.000000
AppV1 19146.690281 9.000000 1.000000 24246.000000 1042.000000 1278.000000
AppV1 19157.078774 9.000000 1.000000 24282.000000 1044.000000 1281.000000
AppV1 19167.244563 11.000000 1.000000 24300.000000 1044.000000 1281.000000
AppV1 19177.339026 11.000000 1.000000 24384.000000 1044.000000 1281.000000
AppV1 19187.493868 10.000000 1.000000 24493.000000 1044.000000 1281.000000
AppV1 19197.816026 8.000000 1.000000 24551.000000 1044.000000 1281.000000
AppV1 19208.243360 8.000000 1.000000 24619.000000 1044.000000 1281.000000
AppV1 19218.244564 8.000000 1.000000 24697.000000 1044.000000 1281.000000
AppV1 19236.489314 7.000000 1.000000 24765.000000 1044.000000 1281.000000
AppV1 19246.589718 6.000000 1.000000 24783.000000 1044.000000 1281.000000
AppV1 19256.594953 6.000000 1.000000 24817.000000 1044.000000 1281.000000
AppV1 19267.243369 6.000000 1.000000 24844.000000 1044.000000 1281.000000
AppV1 19277.429386 5.000000 1.000000 24872.000000 1044.000000 1281.000000
AppV1 19288.187796 4.000000 1.000000 24893.000000 1044.000000 1281.000000
AppV1 19298.882258 6.000000 1.000000 24910.000000 1044.000000 1281.000000
AppV1 19309.448231 7.000000 1.000000 24942.000000 1052.000000 1289.000000
AppV1 19319.783907 7.000000 1.000000 24944.000000 1052.000000 1289.000000
AppV1 19329.882258 9.000000 1.000000 24970.000000 1056.000000 1293.000000
AppV1 19339.882262 9.000000 1.000000 25065.000000 1057.000000 1294.000000
AppV1 19350.063853 7.000000 1.000000 25097.000000 1059.000000 1296.000000
AppV1 19360.187798 10.000000 1.000000 25144.000000 1076.000000 1313.000000
AppV1 19370.187801 13.000000 1.000000 25229.000000 1082.000000 1319.000000
AppV1 19380.265119 12.000000 1.000000 25378.000000 1082.000000 1320.000000
AppV1 19390.759664 11.000000 1.000000 25455.000000 1083.000000 1321.000000
AppV1 19400.759666 9.000000 1.000000 25509.000000 1083.000000 1321.000000
AppV1 19410.783903 7.000000 1.000000 25570.000000 1083.000000 1321.000000
AppV1 19421.174567 9.000000 1.000000 25668.000000 1083.000000 1321.000000
AppV1 19431.187797 10.000000 1.000000 25828.000000 1083.000000 1321.000000
AppV1 19441.308696 10.000000 1.000000 25948.000000 1083.000000 1321.000000
AppV1 19451.334881 8.000000 1.000000 26043.000000 1083.000000 1321.000000
AppV1 19461.482856 8.000000 1.000000 26115.000000 1083.000000 1321.000000
AppV1 19471.615929 7.000000 1.000000 26179.000000 1083.000000 1321.000000
AppV1 19482.531045 7.000000 1.000000 26216.000000 1083.000000 1321.000000
AppV1 19492.531051 9.000000 1.000000 26243.000000 1083.000000 1321.000000
AppV1 19502.615928 9.000000 1.000000 26303.000000 1088.000000 1334.000000
AppV1 19512.816980 9.000000 1.000000 26340.000000 1099.000000 1352.000000
AppV1 19522.816985 9.000000 1.000000 26400.000000 1111.000000 1366.000000
AppV1 19532.862993 10.000000 1.000000 26501.000000 1125.000000 1384.000000
AppV1 19542.862996 10.000000 1.000000 26665.000000 1146.000000 1408.000000
AppV1 19552.862997 9.000000 1.000000 26812.000000 1175.000000 1438.000000
AppV1 19562.863000 7.000000 1.000000 26899.000000 1192.000000 1460.000000
AppV1 19573.482858 5.000000 1.000000 26926.000000 1202.000000 1470.000000
AppV1 19615.390265 4.000000 1.000000 26942.000000 1205.000000 1475.000000
AppV1 19625.673366 6.000000 1.000000 26994.000000 1205.000000 1475.000000
AppV1 19636.141227 6.000000 1.000000 27073.000000 1205.000000 1475.000000
AppV1 19646.220550 8.000000 1.000000 27110.000000 1205.000000 1475.000000
AppV1 19656.342697 9.000000 1.000000 27154.000000 1205.000000 1475.000000
AppV1 19666.342705 9.000000 1.000000 27228.000000 1205.000000 1475.000000
AppV1 19676.347569 10.000000 1.000000 27274.000000 1205.000000 1475.000000
AppV1 19686.348075 9.000000 1.000000 27329.000000 1205.000000 1475.000000
AppV1 19696.673373 9.000000 1.000000 27383.000000 1205.000000 1475.000000
AppV1 19706.739879 10.000000 1.000000 27427.000000 1205.000000 1475.000000
AppV1 19716.739881 11.000000 1.000000 27487.000000 1205.000000 1475.000000
AppV1 19726.739882 11.000000 1.000000 27546.000000 1205.000000 1475.000000
AppV1 19736.739884 14.000000 1.000000 27620.000000 1205.000000 1475.000000
AppV1 19746.837292 14.000000 1.000000 27774.000000 1205.000000 1475.000000
AppV1 19756.966205 14.000000 1.000000 27994.000000 1214.000000 1484.000000
AppV1 19767.060713 13.000000 1.000000 28253.000000 1231.000000 1501.000000
AppV1 19777.060718 11.000000 1.000000 28470.000000 1248.000000 1518.000000
AppV1 19787.070896 11.000000 1.000000 28672.000000 1256.000000 1526.000000
AppV1 19797.070900 12.000000 1.000000 28820.000000 1256.000000 1526.000000
AppV1 19807.228716 12.000000 1.000000 28966.000000 1256.000000 1526.000000
AppV1 19817.508570 10.000000 1.000000 29095.000000 1264.000000 1534.000000
AppV1 19827.508574 11.000000 1.000000 29261.000000 1265.000000 1535.000000
AppV1 19837.607460 10.000000 1.000000 29431.000000 1265.000000 1535.000000
AppV1 19847.607463 11.000000 1.000000 29577.000000 1265.000000 1535.000000
AppV1 19857.615382 12.000000 1.000000 29748.000000 1265.000000 1535.000000
AppV1 19867.615387 13.000000 1.000000 29941.000000 1265.000000 1535.000000
AppV1 19877.634971 12.000000 1.000000 30169.000000 1265.000000 1535.000000
AppV1 19887.824452 11.000000 1.000000 30294.000000 1265.000000 1535.000000
AppV1 19897.851982 11.000000 1.000000 30415.000000 1265.000000 1535.000000
AppV1 19907.968071 9.000000 1.000000 30476.000000 1269.000000 1539.000000
AppV1 19917.968074 9.000000 1.000000 30522.000000 1278.000000 1549.000000
AppV1 19927.968075 10.000000 1.000000 30580.000000 1283.000000 1561.000000
AppV1 19938.383982 9.000000 1.000000 30631.000000 1287.000000 1565.000000
AppV1 19948.529118 8.000000 1.000000 30749.000000 1287.000000 1565.000000
AppV1 19958.529119 8.000000 1.000000 30823.000000 1287.000000 1565.000000
AppV1 19968.529125 8.000000 1.000000 30929.000000 1287.000000 1565.000000
AppV1 19978.628283 7.000000 1.000000 31075.000000 1292.000000 1570.000000
AppV1 19988.846233 11.000000 1.000000 31316.000000 1302.000000 1580.000000
AppV1 19998.904003 11.000000 1.000000 31586.000000 1307.000000 1586.000000
AppV1 20008.942912 9.000000 1.000000 31790.000000 1307.000000 1586.000000
AppV1 20019.136566 11.000000 1.000000 31956.000000 1307.000000 1586.000000
AppV1 20029.229900 11.000000 1.000000 32160.000000 1307.000000 1586.000000
AppV1 20039.340887 13.000000 1.000000 32457.000000 1307.000000 1586.000000
AppV1 20049.527075 11.000000 1.000000 32676.000000 1307.000000 1586.000000
AppV1 20059.527080 12.000000 1.000000 32804.000000 1307.000000 1586.000000
AppV1 20069.607149 14.000000 1.000000 33003.000000 1307.000000 1586.000000
AppV1 20079.607161 13.000000 1.000000 33284.000000 1307.000000 1586.000000
AppV1 20089.676847 12.000000 1.000000 33539.000000 1307.000000 1586.000000
AppV1 20099.730587 13.000000 2.000000 33755.000000 1307.000000 1586.000000
AppV1 20109.730592 14.000000 2.000000 33967.000000 1307.000000 1586.000000
AppV1 20119.903996 16.000000 2.000000 34284.000000 1307.000000 1586.000000
AppV1 20129.903996 16.000000 2.000000 34678.000000 1307.000000 1586.000000
AppV1 20139.910061 15.000000 2.000000 35004.000000 1311.000000 1596.000000
AppV1 20149.910062 14.000000 2.000000 35180.000000 1316.000000 1613.000000
AppV1 20159.910066 14.000000 2.000000 35376.000000 1323.000000 1632.000000
AppV1 20169.979615 16.000000 2.000000 35558.000000 1328.000000 1642.000000
AppV1 20179.979616 16.000000 2.000000 35666.000000 1335.000000 1652.000000
AppV1 20190.096149 18.000000 2.000000 35884.000000 1349.000000 1679.000000
AppV1 20200.136567 16.000000 2.000000 36080.000000 1378.000000 1719.000000
AppV1 20210.136569 15.000000 2.000000 36241.000000 1386.000000 1729.000000
AppV1 20220.149196 14.000000 2.000000 36409.000000 1389.000000 1733.000000
AppV1 20230.399904 12.000000 2.000000 36561.000000 1389.000000 1733.000000
AppV1 20240.399906 12.000000 2.000000 36633.000000 1394.000000 1738.000000
AppV1 20250.399908 12.000000 2.000000 36737.000000 1405.000000 1749.000000
AppV1 20260.419936 10.000000 2.000000 36844.000000 1433.000000 1777.000000
AppV1 20270.419947 12.000000 2.000000 36973.000000 1464.000000 1808.000000
AppV1 20280.436668 11.000000 2.000000 37106.000000 1491.000000 1835.000000
AppV1 20290.627129 12.000000 2.000000 37236.000000 1494.000000 1838.000000
AppV1 20300.627137 13.000000 2.000000 37353.000000 1505.000000 1849.000000
AppV1 20310.702789 15.000000 2.000000 37456.000000 1505.000000 1849.000000
AppV1 20320.702789 15.000000 2.000000 37655.000000 1531.000000 1875.000000
AppV1 20330.702790 16.000000 2.000000 37832.000000 1556.000000 1900.000000
AppV1 20340.736961 17.000000 2.000000 38038.000000 1579.000000 1923.000000
AppV1 20350.736964 18.000000 2.000000 38257.000000 1589.000000 1933.000000
AppV1 20360.739414 18.000000 2.000000 38586.000000 1589.000000 1933.000000
AppV1 20370.852860 18.000000 2.000000 39111.000000 1590.000000 1935.000000
AppV1 20380.852865 20.000000 2.000000 39825.000000 1600.000000 1946.000000
AppV1 20390.852868 19.000000 2.000000 40552.000000 1613.000000 1959.000000
AppV1 20400.983217 18.000000 2.000000 41253.000000 1620.000000 1966.000000
AppV1 20411.019492 12.000000 2.000000 41487.000000 1620.000000 1966.000000
AppV1 20421.082217 12.000000 2.000000 41638.000000 1620.000000 1966.000000
AppV1 20431.128852 12.000000 2.000000 41744.000000 1620.000000 1966.000000
AppV1 20441.320531 11.000000 2.000000 41838.000000 1620.000000 1966.000000
AppV1 20451.320535 14.000000 2.000000 41921.000000 1620.000000 1966.000000
AppV1 20461.407724 12.000000 2.000000 42053.000000 1620.000000 1966.000000
AppV1 20471.637103 10.000000 2.000000 42150.000000 1620.000000 1966.000000
AppV1 20481.693302 14.000000 2.000000 42306.000000 1620.000000 1966.000000
AppV1 20491.693311 13.000000 2.000000 42549.000000 1620.000000 1966.000000
AppV1 20501.757161 15.000000 2.000000 42654.000000 1620.000000 1966.000000
AppV1 20511.757165 14.000000 2.000000 42757.000000 1620.000000 1966.000000
AppV1 20521.879569 16.000000 2.000000 42901.000000 1620.000000 1967.000000
AppV1 20532.074746 14.000000 2.000000 43039.000000 1626.000000 1978.000000
AppV1 20542.092360 15.000000 2.000000 43239.000000 1626.000000 1978.000000
AppV1 20552.101998 16.000000 2.000000 43440.000000 1626.000000 1978.000000
AppV1 20562.141028 17.000000 2.000000 43678.000000 1626.000000 1978.000000
AppV1 20572.147508 18.000000 2.000000 44002.000000 1630.000000 1984.000000
AppV1 20582.221622 13.000000 2.000000 44206.000000 1633.000000 1987.000000
AppV1 20592.392020 13.000000 2.000000 44375.000000 1633.000000 1987.000000
AppV1 20602.552105 13.000000 2.000000 44484.000000 1633.000000 1987.000000
AppV1 20613.141026 12.000000 2.000000 44596.000000 1633.000000 1987.000000
AppV1 20623.141027 14.000000 2.000000 44700.000000 1633.000000 1987.000000
AppV1 20633.141028 17.000000 2.000000 44947.000000 1633.000000 1987.000000
AppV1 20643.212175 16.000000 2.000000 45212.000000 1633.000000 1987.000000
AppV1 20653.289546 14.000000 2.000000 45437.000000 1633.000000 1987.000000
AppV1 20663.466288 14.000000 2.000000 45569.000000 1633.000000 1987.000000
AppV1 20673.615354 15.000000 2.000000 45646.000000 1633.000000 1988.000000
AppV1 20683.670184 13.000000 2.000000 45777.000000 1633.000000 1988.000000
AppV1 20693.856077 11.000000 2.000000 45883.000000 1633.000000 1988.000000
AppV1 20703.856079 8.000000 2.000000 45954.000000 1633.000000 1988.000000
AppV1 20713.944793 7.000000 2.000000 46029.000000 1633.000000 1988.000000
AppV1 20726.587019 5.000000 2.000000 46058.000000 1633.000000 1988.000000
AppV1 20736.925321 8.000000 2.000000 46075.000000 1633.000000 1988.000000
AppV1 20746.925325 10.000000 2.000000 46165.000000 1633.000000 1988.000000
AppV1 20756.925325 11.000000 2.000000 46369.000000 1633.000000 1988.000000
AppV1 20766.930855 13.000000 2.000000 46671.000000 1633.000000 1988.000000
AppV1 20776.930857 15.000000 2.000000 47022.000000 1633.000000 1988.000000
AppV1 20787.079158 15.000000 2.000000 47377.000000 1633.000000 1988.000000
AppV1 20797.079159 17.000000 2.000000 47690.000000 1633.000000 1988.000000
AppV1 20807.186802 16.000000 2.000000 47923.000000 1633.000000 1988.000000
AppV1 20817.186813 14.000000 2.000000 48240.000000 1664.000000 2019.000000
AppV1 20827.279397 16.000000 2.000000 48591.000000 1664.000000 2019.000000
AppV1 20837.306468 17.000000 3.000000 48899.000000 1664.000000 2019.000000
AppV1 20847.306469 18.000000 4.000000 49245.000000 1664.000000 2019.000000
AppV1 20857.363565 20.000000 4.000000 49810.000000 1664.000000 2019.000000
AppV1 20867.406443 20.000000 4.000000 50294.000000 1664.000000 2019.000000
AppV1 20877.426737 18.000000 5.000000 50695.000000 1664.000000 2019.000000
AppV1 20887.439974 19.000000 6.000000 51063.000000 1664.000000 2019.000000
AppV1 20897.439986 23.000000 7.000000 51474.000000 1669.000000 2027.000000
AppV1 20907.489038 23.000000 7.000000 52045.000000 1682.000000 2056.000000
AppV1 20917.489043 23.000000 7.000000 52541.000000 1692.000000 2089.000000
AppV1 20927.509068 21.000000 7.000000 53044.000000 1724.000000 2129.000000
AppV1 20937.509073 20.000000 8.000000 53410.000000 1752.000000 2169.000000
AppV1 20947.661318 22.000000 8.000000 53721.000000 1780.000000 2201.000000
AppV1 20957.709369 21.000000 8.000000 54158.000000 1795.000000 2230.000000
AppV1 20967.709375 20.000000 8.000000 54603.000000 1807.000000 2254.000000
AppV1 20977.736274 22.000000 8.000000 54984.000000 1813.000000 2265.000000
AppV1 20987.740214 23.000000 9.000000 55455.000000 1820.000000 2278.000000
AppV1 20997.775857 21.000000 9.000000 55809.000000 1820.000000 2281.000000
AppV1 21007.775863 19.000000 10.000000 56102.000000 1822.000000 2290.000000
AppV1 21017.882200 19.000000 10.000000 56386.000000 1829.000000 2300.000000
AppV1 21027.949285 20.000000 11.000000 56776.000000 1837.000000 2310.000000
AppV1 21038.064617 17.000000 12.000000 57150.000000 1838.000000 2311.000000
AppV1 21048.064619 18.000000 12.000000 57575.000000 1844.000000 2336.000000
AppV1 21058.071454 19.000000 12.000000 57898.000000 1855.000000 2359.000000
AppV1 21068.098456 19.000000 12.000000 58393.000000 1871.000000 2379.000000
AppV1 21078.098463 20.000000 12.000000 58831.000000 1883.000000 2391.000000
AppV1 21088.185108 17.000000 13.000000 59261.000000 1894.000000 2402.000000
AppV1 21098.185118 17.000000 13.000000 59792.000000 1908.000000 2416.000000
AppV1 21108.235649 18.000000 13.000000 60175.000000 1923.000000 2431.000000
AppV1 21118.240474 19.000000 13.000000 60526.000000 1937.000000 2445.000000
AppV1 21128.284500 17.000000 13.000000 60858.000000 1965.000000 2473.000000
AppV1 21138.284500 18.000000 13.000000 61196.000000 2009.000000 2517.000000
AppV1 21148.298922 17.000000 13.000000 61477.000000 2045.000000 2556.000000
AppV1 21158.393088 15.000000 14.000000 61708.000000 2055.000000 2567.000000
AppV1 21168.418057 13.000000 14.000000 61886.000000 2066.000000 2579.000000
AppV1 21178.418067 12.000000 14.000000 62057.000000 2069.000000 2586.000000
AppV1 21188.507443 12.000000 14.000000 62284.000000 2074.000000 2591.000000
AppV1 21199.047670 11.000000 14.000000 62450.000000 2088.000000 2608.000000
AppV1 21209.187742 9.000000 15.000000 62577.000000 2088.000000 2608.000000
AppV1 21219.187745 9.000000 15.000000 62717.000000 2088.000000 2608.000000
AppV1 21229.187747 8.000000 15.000000 62818.000000 2088.000000 2608.000000
AppV1 21239.187749 12.000000 15.000000 62937.000000 2088.000000 2608.000000
AppV1 21249.237501 15.000000 15.000000 63192.000000 2088.000000 2608.000000
AppV1 21259.241786 18.000000 15.000000 63455.000000 2089.000000 2612.000000
AppV1 21269.241790 18.000000 15.000000 63838.000000 2119.000000 2642.000000
AppV1 21279.353934 21.000000 15.000000 64192.000000 2141.000000 2666.000000
AppV1 21289.353937 23.000000 15.000000 64576.000000 2164.000000 2690.000000
AppV1 21299.368699 24.000000 15.000000 65108.000000 2196.000000 2731.000000
AppV1 21309.368701 22.000000 15.000000 65608.000000 2225.000000 2761.000000
AppV1 21319.516920 21.000000 15.000000 66105.000000 2235.000000 2771.000000
AppV1 21329.516923 20.000000 17.000000 66564.000000 2245.000000 2782.000000
AppV1 21339.516926 22.000000 17.000000 67006.000000 2255.000000 2793.000000
AppV1 21349.524653 23.000000 17.000000 67404.000000 2267.000000 2806.000000
AppV1 21359.601509 23.000000 17.000000 67808.000000 2293.000000 2837.000000
AppV1 21369.678216 22.000000 17.000000 68215.000000 2339.000000 2887.000000
AppV1 21379.678217 21.000000 17.000000 68669.000000 2355.000000 2907.000000
AppV1 21389.678218 20.000000 17.000000 69162.000000 2384.000000 2936.000000
AppV1 21399.697954 15.000000 17.000000 69435.000000 2394.000000 2949.000000
AppV1 21409.832086 12.000000 17.000000 69578.000000 2394.000000 2949.000000
AppV1 21419.868326 13.000000 17.000000 69746.000000 2394.000000 2949.000000
AppV1 21429.868328 12.000000 17.000000 69950.000000 2394.000000 2949.000000
AppV1 21439.869020 14.000000 17.000000 70349.000000 2394.000000 2949.000000
AppV1 21449.869021 13.000000 18.000000 70911.000000 2394.000000 2949.000000
AppV1 21459.869024 13.000000 18.000000 71363.000000 2394.000000 2949.000000
AppV1 21469.869026 12.000000 18.000000 71678.000000 2394.000000 2949.000000
AppV1 21480.039953 10.000000 18.000000 71857.000000 2394.000000 2949.000000
AppV1 21490.167432 11.000000 18.000000 72057.000000 2394.000000 2949.000000
AppV1 21500.290774 9.000000 18.000000 72169.000000 2394.000000 2949.000000
AppV1 21510.290779 10.000000 18.000000 72327.000000 2394.000000 2949.000000
AppV1 21520.472803 11.000000 18.000000 72514.000000 2414.000000 2969.000000
AppV1 21530.472806 12.000000 18.000000 72627.000000 2439.000000 2994.000000
AppV1 21540.669697 15.000000 19.000000 72787.000000 2474.000000 3030.000000
AppV1 21550.709214 17.000000 19.000000 73019.000000 2504.000000 3060.000000
AppV1 21560.709219 18.000000 19.000000 73323.000000 2539.000000 3095.000000
AppV1 21570.823361 18.000000 19.000000 73589.000000 2557.000000 3113.000000
AppV1 21580.846804 17.000000 19.000000 73807.000000 2573.000000 3129.000000
AppV1 21590.846812 18.000000 19.000000 74046.000000 2607.000000 3163.000000
AppV1 21600.913521 17.000000 20.000000 74360.000000 2662.000000 3222.000000
AppV1 21610.984528 18.000000 20.000000 74654.000000 2759.000000 3321.000000
AppV1 21621.037517 16.000000 20.000000 74966.000000 2863.000000 3425.000000
AppV1 21631.037521 16.000000 20.000000 75272.000000 2970.000000 3533.000000
AppV1 21641.037529 19.000000 20.000000 75739.000000 3047.000000 3613.000000
AppV1 21651.208905 19.000000 20.000000 76461.000000 3117.000000 3683.000000
AppV1 21661.208906 19.000000 20.000000 77109.000000 3182.000000 3748.000000
AppV1 21671.343101 20.000000 20.000000 77979.000000 3260.000000 3827.000000
AppV1 21681.365569 20.000000 20.000000 78838.000000 3337.000000 3905.000000
AppV1 21691.365571 21.000000 22.000000 79738.000000 3427.000000 3995.000000
AppV1 21701.365575 22.000000 22.000000 80542.000000 3506.000000 4077.000000
AppV1 21711.538236 22.000000 22.000000 81137.000000 3538.000000 4113.000000
AppV1 21721.580398 21.000000 23.000000 81648.000000 3546.000000 4128.000000
AppV1 21731.580400 22.000000 23.000000 82117.000000 3563.000000 4151.000000
AppV1 21741.580400 21.000000 23.000000 82542.000000 3574.000000 4167.000000
AppV1 21751.580401 20.000000 24.000000 82844.000000 3585.000000 4183.000000
AppV1 21761.671642 20.000000 25.000000 83128.000000 3603.000000 4211.000000
AppV1 21771.671647 23.000000 26.000000 83472.000000 3616.000000 4228.000000
AppV1 21781.689427 23.000000 26.000000 84264.000000 3622.000000 4240.000000
AppV1 21791.712674 23.000000 26.000000 85304.000000 3685.000000 4312.000000
AppV1 21801.712676 23.000000 26.000000 86434.000000 3766.000000 4396.000000
AppV1 21811.714253 19.000000 26.000000 87359.000000 3864.000000 4496.000000
AppV1 21821.761228 18.000000 26.000000 88144.000000 3957.000000 4589.000000
AppV1 21831.761228 19.000000 26.000000 89038.000000 4041.000000 4674.000000
AppV1 21841.761229 20.000000 26.000000 89895.000000 4061.000000 4694.000000
AppV1 21851.761233 21.000000 26.000000 90738.000000 4067.000000 4704.000000
AppV1 21861.798762 21.000000 26.000000 91621.000000 4075.000000 4723.000000
AppV1 21871.798766 20.000000 26.000000 92294.000000 4077.000000 4725.000000
AppV1 21881.798767 20.000000 26.000000 92943.000000 4077.000000 4726.000000
AppV1 21891.904037 17.000000 26.000000 93336.000000 4077.000000 4727.000000
AppV1 21901.929689 14.000000 26.000000 93603.000000 4084.000000 4737.000000
AppV1 21911.971787 14.000000 26.000000 93853.000000 4087.000000 4740.000000
AppV1 21921.971788 15.000000 27.000000 94185.000000 4096.000000 4749.000000
AppV1 21932.170354 12.000000 27.000000 94377.000000 4108.000000 4761.000000
AppV1 21942.194771 12.000000 27.000000 94521.000000 4109.000000 4763.000000
AppV1 21952.194771 14.000000 27.000000 94792.000000 4118.000000 4773.000000
AppV1 21962.248039 14.000000 27.000000 95004.000000 4137.000000 4792.000000
AppV1 21972.248043 13.000000 27.000000 95158.000000 4160.000000 4815.000000
AppV1 21982.278264 11.000000 27.000000 95269.000000 4172.000000 4827.000000
AppV1 21992.448530 12.000000 27.000000 95347.000000 4182.000000 4837.000000
AppV1 22002.448531 13.000000 27.000000 95546.000000 4209.000000 4865.000000
AppV1 22012.448537 14.000000 27.000000 95789.000000 4225.000000 4881.000000
AppV1 22022.534101 13.000000 27.000000 95991.000000 4225.000000 4881.000000
AppV1 22032.679823 13.000000 27.000000 96180.000000 4225.000000 4881.000000
AppV1 22042.824231 14.000000 27.000000 96312.000000 4225.000000 4881.000000
AppV1 22052.827364 17.000000 27.000000 96660.000000 4225.000000 4881.000000
AppV1 22062.827365 18.000000 27.000000 96981.000000 4226.000000 4886.000000
