AppV2 539.848120 2.000000 0.000000 0.000000 0.000000 0.000000
AppV2 556.848126 2.000000 0.000000 2.000000 0.000000 0.000000
AppV2 566.891672 2.000000 0.000000 15.000000 0.000000 0.000000
AppV2 782.355479 2.000000 0.000000 28.000000 0.000000 0.000000
AppV2 792.355486 2.000000 0.000000 48.000000 0.000000 0.000000
AppV2 854.330043 2.000000 0.000000 58.000000 0.000000 0.000000
AppV2 864.330043 2.000000 0.000000 72.000000 0.000000 0.000000
AppV2 874.330047 2.000000 0.000000 92.000000 0.000000 0.000000
AppV2 884.330047 3.000000 0.000000 112.000000 0.000000 0.000000
AppV2 894.330047 4.000000 0.000000 132.000000 0.000000 0.000000
AppV2 904.330048 4.000000 0.000000 152.000000 0.000000 0.000000
AppV2 914.335614 5.000000 0.000000 182.000000 0.000000 0.000000
AppV2 924.335616 4.000000 0.000000 223.000000 0.000000 0.000000
AppV2 934.858893 4.000000 0.000000 251.000000 0.000000 0.000000
AppV2 945.330051 4.000000 0.000000 299.000000 0.000000 0.000000
AppV2 955.335609 5.000000 0.000000 361.000000 0.000000 0.000000
AppV2 977.641238 2.000000 0.000000 381.000000 0.000000 0.000000
AppV2 988.119033 4.000000 0.000000 382.000000 0.000000 0.000000
AppV2 998.119034 4.000000 0.000000 402.000000 0.000000 0.000000
AppV2 1008.641249 4.000000 2.000000 449.000000 0.000000 0.000000
AppV2 1018.996656 4.000000 13.000000 511.000000 0.000000 0.000000
AppV2 1029.119027 4.000000 23.000000 573.000000 0.000000 0.000000
AppV2 1039.119034 4.000000 33.000000 633.000000 0.000000 0.000000
AppV2 1049.641246 3.000000 44.000000 689.000000 0.000000 0.000000
AppV2 1468.240140 2.000000 53.000000 709.000000 0.000000 0.000000
AppV2 1478.240142 3.000000 53.000000 729.000000 0.000000 0.000000
AppV2 1727.215292 2.000000 53.000000 731.000000 0.000000 0.000000
AppV2 1737.215293 2.000000 53.000000 751.000000 0.000000 0.000000
AppV2 1858.105949 4.000000 53.000000 765.000000 0.000000 0.000000
AppV2 1868.116778 4.000000 53.000000 778.000000 0.000000 0.000000
AppV2 1879.105943 4.000000 53.000000 787.000000 0.000000 0.000000
AppV2 1889.116775 3.000000 53.000000 808.000000 0.000000 0.000000
AppV2 1900.105949 2.000000 53.000000 823.000000 0.000000 0.000000
AppV2 1910.116779 2.000000 53.000000 844.000000 0.000000 0.000000
AppV2 2471.970962 2.000000 53.000000 859.000000 0.000000 0.000000
AppV2 2503.970960 2.000000 53.000000 874.000000 0.000000 0.000000
AppV2 2834.001851 2.000000 53.000000 876.000000 0.000000 0.000000
AppV2 2844.001855 2.000000 53.000000 886.000000 10.000000 10.000000
AppV2 2874.941794 4.000000 53.000000 891.000000 15.000000 15.000000
AppV2 2896.941802 4.000000 53.000000 897.000000 15.000000 15.000000
AppV2 2907.091040 4.000000 53.000000 918.000000 15.000000 15.000000
AppV2 2917.941799 3.000000 53.000000 939.000000 15.000000 15.000000
AppV2 3205.778947 2.000000 53.000000 951.000000 15.000000 15.000000
AppV2 3788.175788 3.000000 53.000000 955.000000 15.000000 15.000000
AppV2 3798.175794 3.000000 53.000000 975.000000 15.000000 15.000000
AppV2 3808.376450 3.000000 53.000000 996.000000 15.000000 15.000000
AppV2 3818.376452 3.000000 53.000000 1016.000000 15.000000 15.000000
AppV2 3828.376453 3.000000 53.000000 1036.000000 15.000000 15.000000
AppV2 3838.376455 3.000000 53.000000 1056.000000 15.000000 15.000000
AppV2 3848.376458 2.000000 53.000000 1076.000000 15.000000 15.000000
AppV2 4067.940791 2.000000 53.000000 1095.000000 15.000000 15.000000
AppV2 4082.940788 2.000000 53.000000 1111.000000 15.000000 15.000000
AppV2 4093.148992 2.000000 53.000000 1132.000000 15.000000 15.000000
AppV2 4256.198593 2.000000 53.000000 1148.000000 15.000000 16.000000
AppV2 4493.564308 4.000000 53.000000 1158.000000 23.000000 24.000000
AppV2 4518.910884 4.000000 53.000000 1168.000000 23.000000 24.000000
AppV2 4529.078112 4.000000 53.000000 1176.000000 23.000000 24.000000
AppV2 4541.910882 4.000000 53.000000 1183.000000 23.000000 24.000000
AppV2 4552.705731 4.000000 69.000000 1216.000000 23.000000 24.000000
AppV2 4562.705739 4.000000 90.000000 1276.000000 23.000000 24.000000
AppV2 4572.901722 4.000000 109.000000 1337.000000 23.000000 24.000000
AppV2 4582.910884 4.000000 109.000000 1369.000000 23.000000 24.000000
AppV2 4593.078102 4.000000 109.000000 1414.000000 23.000000 24.000000
AppV2 4603.705731 3.000000 109.000000 1474.000000 23.000000 24.000000
AppV2 5520.343312 2.000000 109.000000 1480.000000 23.000000 24.000000
AppV2 5530.386163 2.000000 109.000000 1501.000000 23.000000 24.000000
AppV2 5646.386160 2.000000 109.000000 1506.000000 23.000000 24.000000
AppV2 5675.133336 3.000000 109.000000 1516.000000 23.000000 24.000000
AppV2 5685.569555 2.000000 109.000000 1537.000000 23.000000 24.000000
AppV2 5695.569562 2.000000 109.000000 1557.000000 23.000000 24.000000
AppV2 5706.133340 2.000000 109.000000 1578.000000 23.000000 24.000000
AppV2 5925.586696 2.000000 109.000000 1582.000000 23.000000 24.000000
AppV2 6012.048462 2.000000 109.000000 1583.000000 23.000000 25.000000
AppV2 6022.461237 2.000000 109.000000 1604.000000 23.000000 25.000000
AppV2 6043.461233 2.000000 109.000000 1605.000000 23.000000 25.000000
AppV2 6135.914208 2.000000 109.000000 1609.000000 23.000000 25.000000
AppV2 6146.461233 2.000000 109.000000 1630.000000 23.000000 25.000000
AppV2 6156.461235 2.000000 109.000000 1650.000000 23.000000 25.000000
AppV2 6166.461237 3.000000 109.000000 1670.000000 23.000000 25.000000
AppV2 6191.526428 3.000000 109.000000 1680.000000 23.000000 25.000000
AppV2 6201.526430 3.000000 109.000000 1700.000000 23.000000 25.000000
AppV2 6216.526429 3.000000 109.000000 1701.000000 23.000000 25.000000
AppV2 6227.258712 3.000000 109.000000 1722.000000 23.000000 25.000000
AppV2 6237.258715 3.000000 109.000000 1742.000000 23.000000 25.000000
AppV2 6252.258707 3.000000 109.000000 1760.000000 23.000000 25.000000
AppV2 6439.171247 3.000000 109.000000 1762.000000 23.000000 25.000000
AppV2 6449.171252 3.000000 109.000000 1782.000000 23.000000 25.000000
AppV2 7410.594914 2.000000 109.000000 1796.000000 23.000000 25.000000
AppV2 7420.807119 2.000000 109.000000 1817.000000 23.000000 25.000000
AppV2 7431.594912 3.000000 109.000000 1838.000000 23.000000 25.000000
AppV2 7441.807117 3.000000 109.000000 1859.000000 23.000000 25.000000
AppV2 7455.541767 4.000000 109.000000 1874.000000 23.000000 25.000000
AppV2 7471.541760 3.000000 109.000000 1897.000000 23.000000 25.000000
AppV2 7491.038636 3.000000 109.000000 1908.000000 23.000000 25.000000
AppV2 7501.541756 4.000000 109.000000 1922.000000 23.000000 27.000000
AppV2 7511.541765 5.000000 109.000000 1951.000000 23.000000 29.000000
AppV2 7522.885735 3.000000 109.000000 1989.000000 24.000000 36.000000
AppV2 7540.327355 3.000000 109.000000 2002.000000 24.000000 36.000000
AppV2 8010.753243 2.000000 109.000000 2003.000000 24.000000 37.000000
AppV2 8021.019796 2.000000 109.000000 2024.000000 24.000000 37.000000
AppV2 8031.019801 2.000000 109.000000 2044.000000 24.000000 37.000000
AppV2 8090.725478 2.000000 109.000000 2057.000000 24.000000 37.000000
AppV2 8100.753234 3.000000 109.000000 2068.000000 24.000000 37.000000
AppV2 8110.753236 3.000000 109.000000 2088.000000 24.000000 37.000000
AppV2 8120.753244 3.000000 109.000000 2108.000000 24.000000 37.000000
AppV2 8174.725476 2.000000 109.000000 2127.000000 24.000000 37.000000
AppV2 8204.302439 3.000000 109.000000 2144.000000 24.000000 37.000000
AppV2 8214.725472 3.000000 109.000000 2155.000000 24.000000 37.000000
AppV2 8224.725479 3.000000 109.000000 2175.000000 24.000000 37.000000
AppV2 8235.302433 4.000000 109.000000 2196.000000 24.000000 37.000000
AppV2 8245.725469 4.000000 109.000000 2217.000000 24.000000 37.000000
AppV2 8255.725477 4.000000 109.000000 2237.000000 24.000000 37.000000
AppV2 8842.877382 4.000000 109.000000 2247.000000 24.000000 38.000000
AppV2 8853.066550 4.000000 109.000000 2264.000000 37.000000 52.000000
AppV2 8863.163651 4.000000 109.000000 2306.000000 57.000000 72.000000
AppV2 8873.877381 4.000000 109.000000 2335.000000 78.000000 93.000000
AppV2 8883.877384 2.000000 109.000000 2349.000000 93.000000 108.000000
AppV2 8893.877389 3.000000 109.000000 2359.000000 103.000000 118.000000
AppV2 9340.018982 3.000000 109.000000 2370.000000 112.000000 127.000000
AppV2 9627.662773 3.000000 109.000000 2372.000000 112.000000 127.000000
AppV2 9637.733264 3.000000 109.000000 2393.000000 112.000000 127.000000
AppV2 9647.733273 2.000000 109.000000 2413.000000 112.000000 127.000000
AppV2 9658.662771 3.000000 109.000000 2434.000000 112.000000 127.000000
AppV2 9668.662771 3.000000 109.000000 2454.000000 112.000000 127.000000
AppV2 9678.662772 3.000000 109.000000 2474.000000 112.000000 127.000000
AppV2 9689.662771 3.000000 113.000000 2488.000000 112.000000 127.000000
AppV2 9712.662773 4.000000 113.000000 2490.000000 112.000000 127.000000
AppV2 9726.662772 4.000000 114.000000 2498.000000 112.000000 127.000000
AppV2 9958.313049 3.000000 114.000000 2500.000000 112.000000 127.000000
AppV2 10015.185211 2.000000 114.000000 2506.000000 112.000000 127.000000
AppV2 10473.008800 2.000000 114.000000 2511.000000 112.000000 128.000000
AppV2 10932.540419 2.000000 114.000000 2520.000000 120.000000 136.000000
AppV2 11118.191282 6.000000 114.000000 2522.000000 120.000000 136.000000
AppV2 11128.191283 6.000000 114.000000 2542.000000 120.000000 136.000000
AppV2 11138.191284 6.000000 114.000000 2562.000000 120.000000 136.000000
AppV2 11148.191287 6.000000 114.000000 2584.000000 120.000000 136.000000
AppV2 11158.191291 6.000000 114.000000 2612.000000 120.000000 136.000000
AppV2 11168.325108 6.000000 114.000000 2643.000000 120.000000 136.000000
AppV2 11179.194050 4.000000 114.000000 2647.000000 120.000000 136.000000
AppV2 11189.194053 4.000000 114.000000 2667.000000 120.000000 136.000000
AppV2 11199.194053 4.000000 114.000000 2702.000000 120.000000 136.000000
AppV2 11209.194053 4.000000 114.000000 2742.000000 120.000000 136.000000
AppV2 11219.459544 2.000000 114.000000 2770.000000 120.000000 136.000000
AppV2 11229.459545 3.000000 114.000000 2790.000000 120.000000 136.000000
AppV2 11239.459547 3.000000 114.000000 2810.000000 120.000000 136.000000
AppV2 11249.459548 3.000000 114.000000 2830.000000 120.000000 136.000000
AppV2 11260.191290 3.000000 114.000000 2851.000000 120.000000 136.000000
AppV2 11271.240018 3.000000 114.000000 2861.000000 120.000000 136.000000
AppV2 11806.121553 4.000000 114.000000 2874.000000 120.000000 137.000000
AppV2 11816.491797 4.000000 114.000000 2885.000000 123.000000 147.000000
AppV2 11827.121560 4.000000 114.000000 2895.000000 134.000000 158.000000
AppV2 11837.491792 4.000000 114.000000 2908.000000 144.000000 168.000000
AppV2 11847.491802 4.000000 114.000000 2918.000000 154.000000 178.000000
AppV2 11858.121551 4.000000 114.000000 2928.000000 165.000000 189.000000
AppV2 11868.121558 4.000000 114.000000 2938.000000 175.000000 199.000000
AppV2 12559.061668 2.000000 114.000000 2948.000000 183.000000 207.000000
AppV2 12569.760265 2.000000 114.000000 2969.000000 183.000000 207.000000
AppV2 13086.569512 3.000000 114.000000 2973.000000 183.000000 207.000000
AppV2 13096.569517 4.000000 114.000000 2993.000000 183.000000 207.000000
AppV2 13106.569843 5.000000 114.000000 3032.000000 202.000000 226.000000
AppV2 13116.569849 6.000000 114.000000 3072.000000 222.000000 246.000000
AppV2 13126.937013 6.000000 120.000000 3113.000000 243.000000 267.000000
AppV2 13136.937017 6.000000 122.000000 3155.000000 247.000000 271.000000
AppV2 13146.937021 6.000000 122.000000 3185.000000 247.000000 271.000000
AppV2 13157.569510 5.000000 122.000000 3208.000000 247.000000 271.000000
AppV2 13167.569512 4.000000 122.000000 3228.000000 247.000000 271.000000
AppV2 13177.569842 5.000000 122.000000 3240.000000 252.000000 276.000000
AppV2 13187.569845 4.000000 122.000000 3264.000000 256.000000 280.000000
AppV2 13274.975093 4.000000 122.000000 3271.000000 259.000000 283.000000
AppV2 13609.897712 2.000000 123.000000 3288.000000 259.000000 283.000000
AppV2 13632.293175 2.000000 127.000000 3306.000000 259.000000 283.000000
AppV2 13996.451075 2.000000 127.000000 3311.000000 259.000000 283.000000
AppV2 14235.038566 3.000000 127.000000 3330.000000 259.000000 283.000000
AppV2 14245.475146 3.000000 127.000000 3351.000000 259.000000 283.000000
AppV2 14457.025589 3.000000 127.000000 3372.000000 259.000000 283.000000
AppV2 14481.208791 6.000000 127.000000 3390.000000 262.000000 286.000000
AppV2 14491.466714 6.000000 127.000000 3415.000000 262.000000 286.000000
AppV2 14501.466722 5.000000 127.000000 3437.000000 262.000000 286.000000
AppV2 14512.400566 5.000000 127.000000 3464.000000 262.000000 286.000000
AppV2 14522.400569 5.000000 127.000000 3484.000000 262.000000 286.000000
AppV2 14532.400571 4.000000 127.000000 3504.000000 262.000000 286.000000
AppV2 14542.466717 4.000000 127.000000 3525.000000 262.000000 286.000000
AppV2 14552.466723 4.000000 127.000000 3545.000000 262.000000 286.000000
AppV2 14571.124278 3.000000 127.000000 3550.000000 262.000000 286.000000
AppV2 14581.466716 3.000000 127.000000 3571.000000 262.000000 286.000000
AppV2 14591.466718 4.000000 127.000000 3622.000000 262.000000 286.000000
AppV2 14601.466720 4.000000 127.000000 3705.000000 262.000000 286.000000
AppV2 14611.466725 5.000000 127.000000 3804.000000 262.000000 286.000000
AppV2 14621.670536 4.000000 127.000000 3943.000000 262.000000 286.000000
AppV2 14632.124285 4.000000 127.000000 4051.000000 262.000000 286.000000
AppV2 14642.390909 4.000000 127.000000 4144.000000 262.000000 286.000000
AppV2 14652.670532 4.000000 127.000000 4183.000000 262.000000 286.000000
AppV2 14663.390908 4.000000 127.000000 4208.000000 262.000000 286.000000
AppV2 14673.390908 4.000000 127.000000 4228.000000 262.000000 286.000000
AppV2 14683.390908 4.000000 127.000000 4248.000000 262.000000 286.000000
AppV2 14693.390910 4.000000 127.000000 4268.000000 262.000000 286.000000
AppV2 14703.390918 4.000000 127.000000 4302.000000 262.000000 286.000000
AppV2 14713.670531 5.000000 127.000000 4364.000000 262.000000 286.000000
AppV2 14723.670533 5.000000 127.000000 4424.000000 262.000000 286.000000
AppV2 14734.390909 5.000000 127.000000 4460.000000 262.000000 286.000000
AppV2 14744.390911 5.000000 127.000000 4480.000000 262.000000 286.000000
AppV2 14754.390912 7.000000 127.000000 4541.000000 262.000000 286.000000
AppV2 14764.390915 7.000000 127.000000 4611.000000 262.000000 286.000000
AppV2 14774.531810 6.000000 127.000000 4635.000000 262.000000 286.000000
AppV2 14792.932656 4.000000 127.000000 4636.000000 262.000000 286.000000
AppV2 14847.932661 2.000000 127.000000 4650.000000 262.000000 286.000000
AppV2 15042.319301 3.000000 127.000000 4668.000000 262.000000 286.000000
AppV2 15052.427390 3.000000 127.000000 4689.000000 262.000000 286.000000
AppV2 15063.319303 3.000000 127.000000 4716.000000 262.000000 286.000000
AppV2 15093.418451 5.000000 127.000000 4726.000000 262.000000 286.000000
AppV2 15103.848989 5.000000 127.000000 4736.000000 272.000000 297.000000
AppV2 15114.418447 5.000000 127.000000 4747.000000 282.000000 307.000000
AppV2 15124.418449 5.000000 127.000000 4757.000000 292.000000 317.000000
AppV2 15571.615686 4.000000 127.000000 4769.000000 300.000000 325.000000
AppV2 15581.615688 4.000000 127.000000 4789.000000 300.000000 325.000000
AppV2 15637.766033 4.000000 127.000000 4807.000000 300.000000 325.000000
AppV2 15647.766034 4.000000 127.000000 4827.000000 300.000000 325.000000
AppV2 15657.828522 4.000000 127.000000 4848.000000 300.000000 325.000000
AppV2 15909.926916 3.000000 127.000000 4869.000000 300.000000 325.000000
AppV2 15920.584417 3.000000 127.000000 4890.000000 300.000000 325.000000
AppV2 15980.300282 4.000000 127.000000 4907.000000 300.000000 325.000000
AppV2 15990.300285 3.000000 127.000000 4927.000000 300.000000 325.000000
AppV2 16000.926910 3.000000 127.000000 4948.000000 300.000000 325.000000
AppV2 16024.400017 4.000000 127.000000 4961.000000 300.000000 325.000000
AppV2 16034.831853 4.000000 127.000000 4982.000000 300.000000 325.000000
AppV2 16044.831859 3.000000 127.000000 4999.000000 300.000000 325.000000
AppV2 16060.400008 2.000000 127.000000 5015.000000 300.000000 325.000000
AppV2 16093.447777 3.000000 127.000000 5026.000000 301.000000 326.000000
AppV2 16148.447780 5.000000 127.000000 5034.000000 310.000000 335.000000
AppV2 16158.634901 5.000000 127.000000 5046.000000 310.000000 335.000000
AppV2 16169.231463 4.000000 127.000000 5065.000000 313.000000 338.000000
AppV2 16179.231468 3.000000 127.000000 5085.000000 313.000000 338.000000
AppV2 16254.231473 2.000000 127.000000 5097.000000 313.000000 338.000000
AppV2 16264.811812 4.000000 127.000000 5141.000000 313.000000 338.000000
AppV2 16274.858636 4.000000 127.000000 5175.000000 313.000000 338.000000
AppV2 16285.231473 5.000000 127.000000 5204.000000 313.000000 338.000000
AppV2 16295.732048 5.000000 127.000000 5245.000000 313.000000 338.000000
AppV2 16305.858628 4.000000 127.000000 5273.000000 313.000000 338.000000
AppV2 16315.858635 3.000000 127.000000 5291.000000 313.000000 338.000000
AppV2 16326.732044 3.000000 127.000000 5312.000000 313.000000 338.000000
AppV2 16336.732047 3.000000 133.000000 5344.000000 313.000000 338.000000
AppV2 16346.732052 3.000000 144.000000 5377.000000 313.000000 338.000000
AppV2 16357.201212 3.000000 154.000000 5398.000000 313.000000 338.000000
AppV2 16367.732050 3.000000 165.000000 5419.000000 313.000000 338.000000
AppV2 16377.732052 3.000000 175.000000 5439.000000 313.000000 338.000000
AppV2 16388.201209 4.000000 185.000000 5484.000000 313.000000 338.000000
AppV2 16398.492090 5.000000 195.000000 5553.000000 313.000000 338.000000
AppV2 16408.492096 3.000000 195.000000 5617.000000 313.000000 338.000000
AppV2 16418.492549 4.000000 195.000000 5672.000000 313.000000 338.000000
AppV2 16428.492550 4.000000 195.000000 5732.000000 313.000000 338.000000
AppV2 16438.552522 5.000000 195.000000 5794.000000 313.000000 338.000000
AppV2 16449.182244 5.000000 195.000000 5848.000000 313.000000 338.000000
AppV2 16459.182244 5.000000 195.000000 5911.000000 313.000000 338.000000
AppV2 16469.492541 6.000000 195.000000 5973.000000 313.000000 338.000000
AppV2 16479.492546 6.000000 195.000000 6027.000000 313.000000 338.000000
AppV2 16489.492546 6.000000 195.000000 6047.000000 313.000000 338.000000
AppV2 16499.492547 5.000000 195.000000 6067.000000 313.000000 338.000000
AppV2 16509.492547 6.000000 195.000000 6101.000000 313.000000 338.000000
AppV2 16519.552522 8.000000 195.000000 6167.000000 313.000000 338.000000
AppV2 16529.688436 7.000000 195.000000 6195.000000 313.000000 338.000000
AppV2 16539.826788 8.000000 195.000000 6221.000000 315.000000 341.000000
AppV2 16550.326278 9.000000 195.000000 6252.000000 326.000000 352.000000
AppV2 16560.368907 10.000000 195.000000 6327.000000 335.000000 361.000000
AppV2 16570.368910 10.000000 195.000000 6413.000000 335.000000 361.000000
AppV2 16580.368910 9.000000 195.000000 6488.000000 335.000000 361.000000
AppV2 16590.492086 8.000000 195.000000 6533.000000 335.000000 361.000000
AppV2 16600.492088 7.000000 195.000000 6576.000000 335.000000 361.000000
AppV2 16610.732827 7.000000 195.000000 6602.000000 337.000000 363.000000
AppV2 16624.488598 7.000000 195.000000 6611.000000 337.000000 363.000000
AppV2 16634.688437 7.000000 195.000000 6653.000000 337.000000 363.000000
AppV2 16646.064414 5.000000 195.000000 6709.000000 337.000000 363.000000
AppV2 16774.235009 2.000000 195.000000 6722.000000 342.000000 369.000000
AppV2 16784.365208 2.000000 195.000000 6743.000000 342.000000 369.000000
AppV2 16849.307639 5.000000 195.000000 6760.000000 342.000000 369.000000
AppV2 16859.395611 5.000000 195.000000 6792.000000 342.000000 369.000000
AppV2 16869.444511 5.000000 199.000000 6841.000000 342.000000 369.000000
AppV2 16880.307629 6.000000 199.000000 6862.000000 342.000000 369.000000
AppV2 16890.307637 4.000000 199.000000 6881.000000 342.000000 369.000000
AppV2 16900.907820 5.000000 199.000000 6903.000000 342.000000 369.000000
AppV2 16911.907821 5.000000 199.000000 6921.000000 342.000000 369.000000
AppV2 16922.013829 7.000000 199.000000 6941.000000 342.000000 369.000000
AppV2 16932.013830 7.000000 199.000000 6961.000000 342.000000 369.000000
AppV2 16942.013837 6.000000 199.000000 6981.000000 342.000000 369.000000
AppV2 16952.907819 6.000000 199.000000 7010.000000 342.000000 369.000000
AppV2 16963.117960 5.000000 206.000000 7054.000000 342.000000 369.000000
AppV2 16973.307633 5.000000 216.000000 7094.000000 342.000000 369.000000
AppV2 16983.307640 4.000000 226.000000 7118.000000 342.000000 369.000000
AppV2 16993.395601 4.000000 237.000000 7157.000000 342.000000 369.000000
AppV2 17003.834041 3.000000 239.000000 7182.000000 342.000000 369.000000
AppV2 17014.117969 2.000000 243.000000 7203.000000 342.000000 369.000000
AppV2 17031.834036 2.000000 246.000000 7211.000000 342.000000 369.000000
AppV2 17102.644444 2.000000 254.000000 7228.000000 342.000000 369.000000
AppV2 17112.644451 2.000000 264.000000 7248.000000 342.000000 369.000000
AppV2 17166.947022 4.000000 272.000000 7266.000000 342.000000 369.000000
AppV2 17190.395130 6.000000 272.000000 7277.000000 342.000000 369.000000
AppV2 17200.442849 9.000000 272.000000 7343.000000 345.000000 375.000000
AppV2 17210.510187 8.000000 295.000000 7457.000000 345.000000 375.000000
AppV2 17220.510193 9.000000 308.000000 7552.000000 345.000000 375.000000
AppV2 17230.644439 10.000000 312.000000 7604.000000 345.000000 375.000000
AppV2 17240.644445 10.000000 312.000000 7694.000000 345.000000 375.000000
AppV2 17251.004159 10.000000 312.000000 7778.000000 345.000000 375.000000
AppV2 17261.385787 10.000000 312.000000 7862.000000 345.000000 375.000000
AppV2 17271.385790 9.000000 312.000000 7953.000000 345.000000 375.000000
AppV2 17281.415487 8.000000 313.000000 8054.000000 345.000000 375.000000
AppV2 17291.415494 8.000000 315.000000 8104.000000 345.000000 375.000000
AppV2 17308.385788 8.000000 316.000000 8115.000000 345.000000 375.000000
AppV2 17318.397942 8.000000 316.000000 8127.000000 345.000000 375.000000
AppV2 17328.459796 8.000000 316.000000 8148.000000 345.000000 375.000000
AppV2 17341.036264 10.000000 316.000000 8177.000000 345.000000 375.000000
AppV2 17351.042998 10.000000 316.000000 8200.000000 345.000000 375.000000
AppV2 17361.049145 9.000000 321.000000 8234.000000 345.000000 375.000000
AppV2 17371.459792 10.000000 321.000000 8253.000000 345.000000 375.000000
AppV2 17381.459800 10.000000 321.000000 8370.000000 345.000000 375.000000
AppV2 17391.627639 10.000000 321.000000 8495.000000 345.000000 375.000000
AppV2 17401.627642 8.000000 321.000000 8616.000000 345.000000 375.000000
AppV2 17411.627652 6.000000 321.000000 8696.000000 345.000000 375.000000
AppV2 17422.043000 6.000000 321.000000 8757.000000 345.000000 375.000000
AppV2 17432.392390 7.000000 321.000000 8847.000000 345.000000 375.000000
AppV2 17442.392391 7.000000 321.000000 8941.000000 345.000000 375.000000
AppV2 17452.392400 7.000000 321.000000 9021.000000 345.000000 375.000000
AppV2 17462.397941 6.000000 321.000000 9083.000000 355.000000 387.000000
AppV2 17472.627640 5.000000 321.000000 9130.000000 363.000000 395.000000
AppV2 17482.627644 3.000000 321.000000 9150.000000 363.000000 395.000000
AppV2 17492.746259 3.000000 321.000000 9171.000000 363.000000 395.000000
AppV2 17506.097636 6.000000 321.000000 9180.000000 363.000000 395.000000
AppV2 17516.627650 7.000000 321.000000 9195.000000 363.000000 395.000000
AppV2 17526.627651 7.000000 321.000000 9216.000000 363.000000 395.000000
AppV2 17536.677807 8.000000 321.000000 9244.000000 371.000000 404.000000
AppV2 17555.677808 5.000000 321.000000 9250.000000 374.000000 408.000000
AppV2 17565.916469 6.000000 321.000000 9267.000000 390.000000 425.000000
AppV2 17593.809856 4.000000 321.000000 9298.000000 406.000000 441.000000
AppV2 17603.916478 4.000000 321.000000 9309.000000 406.000000 441.000000
AppV2 17614.221191 4.000000 321.000000 9328.000000 406.000000 441.000000
AppV2 17634.809852 3.000000 321.000000 9335.000000 406.000000 441.000000
AppV2 17645.221193 3.000000 321.000000 9353.000000 406.000000 441.000000
AppV2 17695.303836 3.000000 321.000000 9373.000000 406.000000 441.000000
AppV2 17708.303835 4.000000 321.000000 9374.000000 406.000000 441.000000
AppV2 17718.809857 4.000000 321.000000 9395.000000 406.000000 441.000000
AppV2 17728.809858 4.000000 321.000000 9415.000000 406.000000 441.000000
AppV2 17739.303828 4.000000 321.000000 9436.000000 406.000000 441.000000
AppV2 17749.303836 7.000000 323.000000 9458.000000 406.000000 441.000000
AppV2 17759.757484 8.000000 333.000000 9503.000000 406.000000 441.000000
AppV2 17769.757492 10.000000 346.000000 9598.000000 406.000000 441.000000
AppV2 17779.809856 10.000000 356.000000 9750.000000 406.000000 441.000000
AppV2 17789.952271 10.000000 366.000000 9878.000000 406.000000 441.000000
AppV2 17799.952274 10.000000 376.000000 9995.000000 406.000000 441.000000
AppV2 17809.952279 9.000000 377.000000 10066.000000 406.000000 441.000000
AppV2 17820.264802 9.000000 377.000000 10189.000000 406.000000 441.000000
AppV2 17830.264807 8.000000 377.000000 10281.000000 406.000000 441.000000
AppV2 17840.264808 8.000000 377.000000 10321.000000 406.000000 441.000000
AppV2 17850.542570 5.000000 377.000000 10343.000000 406.000000 441.000000
AppV2 17860.542583 5.000000 377.000000 10363.000000 406.000000 441.000000
AppV2 17870.741799 6.000000 377.000000 10401.000000 406.000000 441.000000
AppV2 17880.795729 7.000000 377.000000 10438.000000 406.000000 453.000000
AppV2 17890.807545 8.000000 377.000000 10541.000000 424.000000 473.000000
AppV2 17900.810718 6.000000 377.000000 10652.000000 440.000000 489.000000
AppV2 17911.460435 6.000000 377.000000 10734.000000 440.000000 489.000000
AppV2 17921.542578 5.000000 377.000000 10797.000000 440.000000 489.000000
AppV2 17931.795730 6.000000 387.000000 10882.000000 440.000000 489.000000
AppV2 17941.795734 5.000000 400.000000 10960.000000 440.000000 489.000000
AppV2 17952.460436 5.000000 421.000000 11040.000000 440.000000 489.000000
AppV2 17981.365178 4.000000 433.000000 11056.000000 440.000000 489.000000
AppV2 17991.365187 4.000000 433.000000 11076.000000 440.000000 489.000000
AppV2 18001.493923 5.000000 433.000000 11100.000000 440.000000 489.000000
AppV2 18011.493925 5.000000 440.000000 11153.000000 440.000000 489.000000
AppV2 18021.675977 5.000000 440.000000 11159.000000 440.000000 489.000000
AppV2 18031.675984 5.000000 440.000000 11179.000000 440.000000 489.000000
AppV2 18042.388165 5.000000 440.000000 11216.000000 440.000000 489.000000
AppV2 18052.675977 6.000000 440.000000 11257.000000 440.000000 489.000000
AppV2 18062.675984 7.000000 440.000000 11300.000000 440.000000 489.000000
AppV2 18073.366775 6.000000 440.000000 11362.000000 440.000000 489.000000
AppV2 18083.366777 8.000000 440.000000 11434.000000 440.000000 489.000000
AppV2 18093.444470 9.000000 440.000000 11531.000000 440.000000 489.000000
AppV2 18103.444474 9.000000 440.000000 11631.000000 440.000000 489.000000
AppV2 18113.444476 9.000000 440.000000 11738.000000 440.000000 489.000000
AppV2 18123.631385 6.000000 440.000000 11811.000000 440.000000 489.000000
AppV2 18134.027590 7.000000 440.000000 11903.000000 440.000000 489.000000
AppV2 18144.027595 7.000000 440.000000 12029.000000 440.000000 489.000000
AppV2 18154.444474 6.000000 440.000000 12125.000000 440.000000 489.000000
AppV2 18164.609123 10.000000 440.000000 12194.000000 440.000000 489.000000
AppV2 18174.626849 10.000000 440.000000 12275.000000 440.000000 489.000000
AppV2 18184.626850 11.000000 440.000000 12396.000000 440.000000 489.000000
AppV2 18194.626859 9.000000 440.000000 12561.000000 440.000000 489.000000
AppV2 18204.900393 10.000000 440.000000 12739.000000 440.000000 489.000000
AppV2 18214.907022 10.000000 440.000000 12924.000000 440.000000 489.000000
AppV2 18224.907023 8.000000 440.000000 13148.000000 440.000000 489.000000
AppV2 18235.027589 8.000000 440.000000 13290.000000 440.000000 529.000000
AppV2 18245.059377 10.000000 440.000000 13409.000000 440.000000 565.000000
AppV2 18255.059380 10.000000 440.000000 13524.000000 440.000000 580.000000
AppV2 18265.294321 11.000000 440.000000 13644.000000 440.000000 590.000000
AppV2 18275.387190 10.000000 440.000000 13717.000000 444.000000 602.000000
AppV2 18285.419910 11.000000 440.000000 13764.000000 454.000000 612.000000
AppV2 18295.722857 9.000000 440.000000 13819.000000 472.000000 630.000000
AppV2 18305.879341 10.000000 444.000000 13900.000000 489.000000 650.000000
AppV2 18315.907023 12.000000 450.000000 14045.000000 504.000000 675.000000
AppV2 18326.059374 12.000000 450.000000 14235.000000 521.000000 707.000000
AppV2 18336.059378 11.000000 450.000000 14425.000000 554.000000 742.000000
AppV2 18346.121193 12.000000 450.000000 14585.000000 597.000000 785.000000
AppV2 18356.258243 14.000000 450.000000 14701.000000 621.000000 809.000000
AppV2 18366.258244 15.000000 450.000000 14870.000000 629.000000 817.000000
AppV2 18376.368513 17.000000 450.000000 15160.000000 631.000000 819.000000
AppV2 18386.385652 15.000000 450.000000 15449.000000 641.000000 829.000000
AppV2 18396.385654 13.000000 450.000000 15710.000000 656.000000 844.000000
AppV2 18406.385655 11.000000 450.000000 15830.000000 666.000000 854.000000
AppV2 18416.385657 10.000000 457.000000 15928.000000 667.000000 855.000000
AppV2 18426.385658 9.000000 467.000000 16045.000000 683.000000 871.000000
AppV2 18436.385661 10.000000 467.000000 16116.000000 689.000000 877.000000
AppV2 18446.426075 9.000000 467.000000 16185.000000 699.000000 887.000000
AppV2 18456.426076 10.000000 472.000000 16292.000000 709.000000 897.000000
AppV2 18466.759241 10.000000 480.000000 16392.000000 718.000000 906.000000
AppV2 18476.763636 11.000000 480.000000 16498.000000 718.000000 906.000000
AppV2 18486.950219 10.000000 485.000000 16606.000000 718.000000 906.000000
AppV2 18496.950227 9.000000 486.000000 16716.000000 718.000000 906.000000
AppV2 18507.203210 8.000000 486.000000 16770.000000 718.000000 906.000000
AppV2 18517.205210 9.000000 486.000000 16818.000000 718.000000 906.000000
AppV2 18527.385655 9.000000 486.000000 16855.000000 718.000000 906.000000
AppV2 18537.426075 9.000000 486.000000 16914.000000 718.000000 906.000000
AppV2 18547.426079 10.000000 486.000000 16973.000000 718.000000 906.000000
AppV2 18557.617019 9.000000 486.000000 17020.000000 718.000000 906.000000
AppV2 18567.617027 8.000000 486.000000 17080.000000 718.000000 906.000000
AppV2 18577.617027 11.000000 486.000000 17139.000000 718.000000 906.000000
AppV2 18587.899540 11.000000 486.000000 17201.000000 718.000000 906.000000
AppV2 18597.899545 13.000000 486.000000 17341.000000 718.000000 906.000000
AppV2 18607.899545 13.000000 488.000000 17497.000000 718.000000 906.000000
AppV2 18617.907194 18.000000 498.000000 17733.000000 746.000000 934.000000
AppV2 18627.967721 18.000000 502.000000 18066.000000 789.000000 978.000000
AppV2 18638.023504 17.000000 502.000000 18398.000000 822.000000 1011.000000
AppV2 18648.073299 18.000000 502.000000 18742.000000 853.000000 1043.000000
AppV2 18658.090377 17.000000 502.000000 19038.000000 854.000000 1060.000000
AppV2 18668.126969 15.000000 502.000000 19206.000000 856.000000 1064.000000
AppV2 18678.396419 15.000000 502.000000 19384.000000 856.000000 1064.000000
AppV2 18688.539898 15.000000 502.000000 19515.000000 858.000000 1066.000000
AppV2 18698.539906 16.000000 502.000000 19691.000000 877.000000 1085.000000
AppV2 18708.553940 15.000000 502.000000 19931.000000 901.000000 1109.000000
AppV2 18718.566582 17.000000 516.000000 20216.000000 907.000000 1115.000000
AppV2 18728.822429 17.000000 552.000000 20636.000000 907.000000 1115.000000
AppV2 18738.822434 17.000000 567.000000 20944.000000 907.000000 1115.000000
AppV2 18748.854141 16.000000 577.000000 21224.000000 907.000000 1115.000000
AppV2 18758.854143 14.000000 587.000000 21449.000000 908.000000 1116.000000
AppV2 18768.854146 14.000000 597.000000 21709.000000 908.000000 1116.000000
AppV2 18778.854148 12.000000 607.000000 22063.000000 915.000000 1123.000000
AppV2 18788.854150 11.000000 617.000000 22355.000000 939.000000 1147.000000
AppV2 18798.931849 11.000000 627.000000 22617.000000 952.000000 1160.000000
AppV2 18808.967716 10.000000 637.000000 22822.000000 953.000000 1161.000000
AppV2 18819.289938 10.000000 647.000000 22988.000000 955.000000 1163.000000
AppV2 18829.515660 8.000000 657.000000 23124.000000 960.000000 1168.000000
AppV2 18839.515671 6.000000 659.000000 23247.000000 963.000000 1171.000000
AppV2 18849.805453 4.000000 659.000000 23289.000000 963.000000 1171.000000
AppV2 18859.805465 4.000000 659.000000 23317.000000 963.000000 1171.000000
AppV2 18870.145615 7.000000 659.000000 23327.000000 963.000000 1171.000000
AppV2 18880.145616 7.000000 659.000000 23347.000000 963.000000 1171.000000
AppV2 18890.213384 7.000000 659.000000 23369.000000 963.000000 1171.000000
AppV2 18900.805459 8.000000 659.000000 23383.000000 963.000000 1171.000000
AppV2 18911.042559 9.000000 659.000000 23415.000000 963.000000 1171.000000
AppV2 18921.654269 9.000000 659.000000 23481.000000 963.000000 1171.000000
AppV2 18931.654275 8.000000 659.000000 23501.000000 963.000000 1171.000000
AppV2 18941.654278 8.000000 659.000000 23558.000000 963.000000 1171.000000
AppV2 18951.759723 8.000000 659.000000 23630.000000 963.000000 1171.000000
AppV2 18962.042549 8.000000 660.000000 23712.000000 963.000000 1171.000000
AppV2 18972.042549 8.000000 662.000000 23764.000000 963.000000 1171.000000
AppV2 18987.654270 9.000000 662.000000 23780.000000 963.000000 1171.000000
AppV2 18998.042557 7.000000 662.000000 23798.000000 963.000000 1171.000000
AppV2 19023.541834 7.000000 662.000000 23820.000000 963.000000 1171.000000
AppV2 19033.690286 7.000000 662.000000 23868.000000 963.000000 1171.000000
AppV2 19044.308075 6.000000 662.000000 23930.000000 963.000000 1171.000000
AppV2 19054.541835 5.000000 662.000000 23984.000000 963.000000 1171.000000
AppV2 19064.690279 5.000000 662.000000 24005.000000 963.000000 1171.000000
AppV2 19074.690283 5.000000 662.000000 24025.000000 963.000000 1171.000000
AppV2 19084.690288 6.000000 662.000000 24046.000000 964.000000 1172.000000
AppV2 19096.541829 5.000000 662.000000 24064.000000 969.000000 1177.000000
AppV2 19106.541830 8.000000 662.000000 24090.000000 971.000000 1179.000000
AppV2 19116.541836 8.000000 662.000000 24166.000000 974.000000 1182.000000
AppV2 19126.574001 9.000000 662.000000 24223.000000 976.000000 1184.000000
AppV2 19136.610230 8.000000 662.000000 24275.000000 976.000000 1184.000000
AppV2 19146.690281 9.000000 662.000000 24340.000000 976.000000 1184.000000
AppV2 19157.078774 9.000000 662.000000 24376.000000 979.000000 1187.000000
AppV2 19167.244563 11.000000 662.000000 24394.000000 979.000000 1187.000000
AppV2 19177.339026 11.000000 668.000000 24478.000000 979.000000 1187.000000
AppV2 19187.493868 10.000000 678.000000 24587.000000 979.000000 1187.000000
AppV2 19197.816026 8.000000 688.000000 24645.000000 979.000000 1187.000000
AppV2 19208.243360 8.000000 704.000000 24713.000000 979.000000 1187.000000
AppV2 19218.244564 8.000000 716.000000 24791.000000 979.000000 1187.000000
AppV2 19236.489314 7.000000 724.000000 24859.000000 979.000000 1187.000000
AppV2 19246.589718 6.000000 725.000000 24877.000000 979.000000 1187.000000
AppV2 19256.594953 6.000000 735.000000 24911.000000 979.000000 1187.000000
AppV2 19267.243369 6.000000 745.000000 24938.000000 979.000000 1187.000000
AppV2 19277.429386 5.000000 751.000000 24966.000000 979.000000 1187.000000
AppV2 19288.187796 4.000000 751.000000 24987.000000 979.000000 1187.000000
AppV2 19298.882258 6.000000 751.000000 25004.000000 979.000000 1187.000000
AppV2 19309.448231 7.000000 751.000000 25036.000000 979.000000 1195.000000
AppV2 19319.783907 7.000000 751.000000 25038.000000 979.000000 1195.000000
AppV2 19329.882258 9.000000 751.000000 25064.000000 979.000000 1199.000000
AppV2 19339.882262 9.000000 751.000000 25159.000000 979.000000 1200.000000
AppV2 19350.063853 7.000000 751.000000 25191.000000 979.000000 1202.000000
AppV2 19360.187798 10.000000 751.000000 25238.000000 979.000000 1219.000000
AppV2 19370.187801 13.000000 751.000000 25323.000000 979.000000 1225.000000
AppV2 19380.265119 12.000000 751.000000 25472.000000 979.000000 1226.000000
AppV2 19390.759664 11.000000 751.000000 25549.000000 979.000000 1227.000000
AppV2 19400.759666 9.000000 751.000000 25603.000000 979.000000 1227.000000
AppV2 19410.783903 7.000000 751.000000 25664.000000 979.000000 1227.000000
AppV2 19421.174567 9.000000 751.000000 25762.000000 979.000000 1227.000000
AppV2 19431.187797 10.000000 751.000000 25922.000000 979.000000 1227.000000
AppV2 19441.308696 10.000000 751.000000 26042.000000 979.000000 1227.000000
AppV2 19451.334881 8.000000 751.000000 26137.000000 979.000000 1227.000000
AppV2 19461.482856 8.000000 751.000000 26209.000000 979.000000 1227.000000
AppV2 19471.615929 7.000000 751.000000 26273.000000 979.000000 1227.000000
AppV2 19482.531045 7.000000 751.000000 26310.000000 979.000000 1227.000000
AppV2 19492.531051 9.000000 751.000000 26337.000000 979.000000 1227.000000
AppV2 19502.615928 9.000000 751.000000 26397.000000 979.000000 1240.000000
AppV2 19512.816980 9.000000 751.000000 26434.000000 982.000000 1258.000000
AppV2 19522.816985 9.000000 751.000000 26494.000000 991.000000 1272.000000
AppV2 19532.862993 10.000000 755.000000 26595.000000 1002.000000 1290.000000
AppV2 19542.862996 10.000000 774.000000 26759.000000 1026.000000 1314.000000
AppV2 19552.862997 9.000000 781.000000 26906.000000 1050.000000 1344.000000
AppV2 19562.863000 7.000000 781.000000 26993.000000 1062.000000 1366.000000
AppV2 19573.482858 5.000000 781.000000 27020.000000 1062.000000 1376.000000
AppV2 19615.390265 4.000000 787.000000 27036.000000 1062.000000 1381.000000
AppV2 19625.673366 6.000000 787.000000 27088.000000 1062.000000 1381.000000
AppV2 19636.141227 6.000000 787.000000 27167.000000 1062.000000 1381.000000
AppV2 19646.220550 8.000000 787.000000 27204.000000 1062.000000 1381.000000
AppV2 19656.342697 9.000000 787.000000 27248.000000 1062.000000 1381.000000
AppV2 19666.342705 9.000000 787.000000 27322.000000 1062.000000 1381.000000
AppV2 19676.347569 10.000000 787.000000 27368.000000 1062.000000 1381.000000
AppV2 19686.348075 9.000000 787.000000 27423.000000 1062.000000 1381.000000
AppV2 19696.673373 9.000000 787.000000 27477.000000 1062.000000 1381.000000
AppV2 19706.739879 10.000000 787.000000 27521.000000 1062.000000 1381.000000
AppV2 19716.739881 11.000000 787.000000 27581.000000 1062.000000 1381.000000
AppV2 19726.739882 11.000000 787.000000 27640.000000 1062.000000 1381.000000
AppV2 19736.739884 14.000000 787.000000 27714.000000 1062.000000 1381.000000
AppV2 19746.837292 14.000000 787.000000 27868.000000 1062.000000 1381.000000
AppV2 19756.966205 14.000000 789.000000 28088.000000 1070.000000 1390.000000
AppV2 19767.060713 13.000000 799.000000 28347.000000 1086.000000 1407.000000
AppV2 19777.060718 11.000000 799.000000 28564.000000 1103.000000 1424.000000
AppV2 19787.070896 11.000000 799.000000 28766.000000 1111.000000 1432.000000
AppV2 19797.070900 12.000000 799.000000 28914.000000 1111.000000 1432.000000
AppV2 19807.228716 12.000000 799.000000 29060.000000 1111.000000 1432.000000
AppV2 19817.508570 10.000000 799.000000 29189.000000 1119.000000 1440.000000
AppV2 19827.508574 11.000000 799.000000 29355.000000 1120.000000 1441.000000
AppV2 19837.607460 10.000000 799.000000 29525.000000 1120.000000 1441.000000
AppV2 19847.607463 11.000000 799.000000 29671.000000 1120.000000 1441.000000
AppV2 19857.615382 12.000000 799.000000 29842.000000 1120.000000 1441.000000
AppV2 19867.615387 13.000000 799.000000 30035.000000 1120.000000 1441.000000
AppV2 19877.634971 12.000000 799.000000 30263.000000 1120.000000 1441.000000
AppV2 19887.824452 11.000000 799.000000 30388.000000 1120.000000 1441.000000
AppV2 19897.851982 11.000000 799.000000 30509.000000 1120.000000 1441.000000
AppV2 19907.968071 9.000000 799.000000 30570.000000 1123.000000 1445.000000
AppV2 19917.968074 9.000000 799.000000 30616.000000 1133.000000 1455.000000
AppV2 19927.968075 10.000000 799.000000 30674.000000 1144.000000 1467.000000
AppV2 19938.383982 9.000000 799.000000 30725.000000 1148.000000 1471.000000
AppV2 19948.529118 8.000000 800.000000 30843.000000 1148.000000 1471.000000
AppV2 19958.529119 8.000000 806.000000 30917.000000 1148.000000 1471.000000
AppV2 19968.529125 8.000000 815.000000 31023.000000 1148.000000 1471.000000
AppV2 19978.628283 7.000000 824.000000 31169.000000 1152.000000 1476.000000
AppV2 19988.846233 11.000000 836.000000 31410.000000 1162.000000 1486.000000
AppV2 19998.904003 11.000000 842.000000 31680.000000 1168.000000 1492.000000
AppV2 20008.942912 9.000000 842.000000 31884.000000 1168.000000 1492.000000
AppV2 20019.136566 11.000000 842.000000 32050.000000 1168.000000 1492.000000
AppV2 20029.229900 11.000000 842.000000 32254.000000 1168.000000 1492.000000
AppV2 20039.340887 13.000000 842.000000 32551.000000 1168.000000 1492.000000
AppV2 20049.527075 11.000000 842.000000 32770.000000 1168.000000 1492.000000
AppV2 20059.527080 12.000000 852.000000 32898.000000 1168.000000 1492.000000
AppV2 20069.607149 14.000000 872.000000 33097.000000 1168.000000 1492.000000
