mdaV2 539.848120 0 3 0.000000 0 1 0.000000
mdaV2 539.848120 0 3 0.000000 0 1 0.000000
mdaV2 556.848126 0 3 0.000000 0 1 0.000000
mdaV2 556.848126 0 3 0.000000 0 1 0.000000
mdaV2 566.891672 0 3 0.000000 0 1 0.000000
mdaV2 566.891672 0 3 0.000000 0 1 0.000000
mdaV2 782.355479 0 8 0.000000 0 1 0.000000
mdaV2 782.355479 0 8 0.000000 0 1 0.000000
mdaV2 792.355486 0 8 0.000000 0 1 0.000000
mdaV2 792.355486 0 8 0.000000 0 1 0.000000
mdaV2 854.330043 0 9 0.000000 0 1 0.000000
mdaV2 854.330043 0 9 0.000000 0 1 0.000000
mdaV2 864.330043 0 9 0.000000 0 1 0.000000
mdaV2 864.330043 0 9 0.000000 0 1 0.000000
mdaV2 874.330047 0 9 0.000000 0 1 0.000000
mdaV2 874.330047 0 9 0.000000 0 1 0.000000
mdaV2 884.330047 0 10 0.000000 0 1 0.000000
mdaV2 884.330047 0 10 0.000000 0 1 0.000000
mdaV2 894.330047 0 11 0.000000 0 1 0.000000
mdaV2 894.330047 0 11 0.000000 0 1 0.000000
mdaV2 904.330048 0 11 0.000000 0 1 0.000000
mdaV2 904.330048 0 11 0.000000 0 1 0.000000
mdaV2 914.335614 0 12 0.000000 0 1 0.000000
mdaV2 914.335614 0 12 0.000000 0 1 0.000000
mdaV2 924.335616 0 12 0.000000 0 1 0.000000
mdaV2 924.335616 0 12 0.000000 0 1 0.000000
mdaV2 934.858893 0 12 0.000000 0 1 0.000000
mdaV2 934.858893 0 12 0.000000 0 1 0.000000
mdaV2 945.330051 0 12 0.000000 0 1 0.000000
mdaV2 945.330051 0 12 0.000000 0 1 0.000000
mdaV2 955.335609 0 13 0.000000 0 1 0.000000
mdaV2 955.335609 0 13 0.000000 0 1 0.000000
mdaV2 977.641238 0 13 0.000000 0 1 0.000000
mdaV2 977.641238 0 13 0.000000 0 1 0.000000
mdaV2 988.119033 0 15 0.000000 0 1 0.000000
mdaV2 988.119033 0 15 0.000000 0 1 0.000000
mdaV2 998.119034 0 15 0.000000 0 1 0.000000
mdaV2 998.119034 0 15 0.000000 0 1 0.000000
mdaV2 1008.641249 1 15 56.641244 0 1 0.000000
mdaV2 1008.641249 1 15 56.641244 0 1 0.000000
mdaV2 1018.996656 1 15 56.641244 0 1 0.000000
mdaV2 1018.996656 1 15 56.641244 0 1 0.000000
mdaV2 1029.119027 1 15 56.641244 0 1 0.000000
mdaV2 1029.119027 1 15 56.641244 0 1 0.000000
mdaV2 1039.119034 1 15 56.641244 0 1 0.000000
mdaV2 1039.119034 1 15 56.641244 0 1 0.000000
mdaV2 1049.641246 1 15 56.641244 0 1 0.000000
mdaV2 1049.641246 1 15 56.641244 0 1 0.000000
mdaV2 1468.240140 1 21 56.641244 0 2 0.000000
mdaV2 1468.240140 1 21 56.641244 0 2 0.000000
mdaV2 1478.240142 1 22 56.641244 0 2 0.000000
mdaV2 1478.240142 1 22 56.641244 0 2 0.000000
mdaV2 1727.215292 1 26 56.641244 0 2 0.000000
mdaV2 1727.215292 1 26 56.641244 0 2 0.000000
mdaV2 1737.215293 1 26 56.641244 0 2 0.000000
mdaV2 1737.215293 1 26 56.641244 0 2 0.000000
mdaV2 1858.105949 1 31 56.641244 0 2 0.000000
mdaV2 1858.105949 1 31 56.641244 0 2 0.000000
mdaV2 1868.116778 1 31 56.641244 0 2 0.000000
mdaV2 1868.116778 1 31 56.641244 0 2 0.000000
mdaV2 1879.105943 1 31 56.641244 0 2 0.000000
mdaV2 1879.105943 1 31 56.641244 0 2 0.000000
mdaV2 1889.116775 1 31 56.641244 0 2 0.000000
mdaV2 1889.116775 1 31 56.641244 0 2 0.000000
mdaV2 1900.105949 1 31 56.641244 0 2 0.000000
mdaV2 1900.105949 1 31 56.641244 0 2 0.000000
mdaV2 1910.116779 1 31 56.641244 0 2 0.000000
mdaV2 1910.116779 1 31 56.641244 0 2 0.000000
mdaV2 2471.970962 1 34 56.641244 0 2 0.000000
mdaV2 2471.970962 1 34 56.641244 0 2 0.000000
mdaV2 2503.970960 1 34 56.641244 0 2 0.000000
mdaV2 2503.970960 1 34 56.641244 0 2 0.000000
mdaV2 2834.001851 1 39 56.641244 0 3 0.000000
mdaV2 2834.001851 1 39 56.641244 0 3 0.000000
mdaV2 2844.001855 1 39 56.641244 1 3 9.440439
mdaV2 2844.001855 1 39 56.641244 1 3 9.440439
mdaV2 2874.941794 1 41 56.641244 1 3 9.440439
mdaV2 2874.941794 1 41 56.641244 1 3 9.440439
mdaV2 2896.941802 1 41 56.641244 1 3 9.440439
mdaV2 2896.941802 1 41 56.641244 1 3 9.440439
mdaV2 2907.091040 1 41 56.641244 1 3 9.440439
mdaV2 2907.091040 1 41 56.641244 1 3 9.440439
mdaV2 2917.941799 1 41 56.641244 1 3 9.440439
mdaV2 2917.941799 1 41 56.641244 1 3 9.440439
mdaV2 3205.778947 1 43 56.641244 1 3 9.440439
mdaV2 3205.778947 1 43 56.641244 1 3 9.440439
mdaV2 3788.175788 1 50 56.641244 1 3 9.440439
mdaV2 3788.175788 1 50 56.641244 1 3 9.440439
mdaV2 3798.175794 1 50 56.641244 1 3 9.440439
mdaV2 3798.175794 1 50 56.641244 1 3 9.440439
mdaV2 3808.376450 1 50 56.641244 1 3 9.440439
mdaV2 3808.376450 1 50 56.641244 1 3 9.440439
mdaV2 3818.376452 1 50 56.641244 1 3 9.440439
mdaV2 3818.376452 1 50 56.641244 1 3 9.440439
mdaV2 3828.376453 1 50 56.641244 1 3 9.440439
mdaV2 3828.376453 1 50 56.641244 1 3 9.440439
mdaV2 3838.376455 1 50 56.641244 1 3 9.440439
mdaV2 3838.376455 1 50 56.641244 1 3 9.440439
mdaV2 3848.376458 1 50 56.641244 1 3 9.440439
mdaV2 3848.376458 1 50 56.641244 1 3 9.440439
mdaV2 4067.940791 1 54 56.641244 1 3 9.440439
mdaV2 4067.940791 1 54 56.641244 1 3 9.440439
mdaV2 4082.940788 1 55 56.641244 1 3 9.440439
mdaV2 4082.940788 1 55 56.641244 1 3 9.440439
mdaV2 4093.148992 1 55 56.641244 1 3 9.440439
mdaV2 4093.148992 1 55 56.641244 1 3 9.440439
mdaV2 4256.198593 1 58 56.641244 1 4 9.440439
mdaV2 4256.198593 1 58 56.641244 2 4 13.319516
mdaV2 4493.564308 1 62 56.641244 2 4 13.319516
mdaV2 4493.564308 1 62 56.641244 2 4 13.319516
mdaV2 4518.910884 1 63 56.641244 2 4 13.319516
mdaV2 4518.910884 1 63 56.641244 2 4 13.319516
mdaV2 4529.078112 1 63 56.641244 2 4 13.319516
mdaV2 4529.078112 1 63 56.641244 2 4 13.319516
mdaV2 4541.910882 1 63 56.641244 2 4 13.319516
mdaV2 4541.910882 1 63 56.641244 2 4 13.319516
mdaV2 4552.705731 3 63 46.749567 2 4 13.319516
mdaV2 4552.705731 3 63 46.749567 2 4 13.319516
mdaV2 4562.705739 3 63 46.749567 2 4 13.319516
mdaV2 4562.705739 3 63 46.749567 2 4 13.319516
mdaV2 4572.901722 3 63 46.749567 2 4 13.319516
mdaV2 4572.901722 3 63 46.749567 2 4 13.319516
mdaV2 4582.910884 3 63 46.749567 2 4 13.319516
mdaV2 4582.910884 3 63 46.749567 2 4 13.319516
mdaV2 4593.078102 3 63 46.749567 2 4 13.319516
mdaV2 4593.078102 3 63 46.749567 2 4 13.319516
mdaV2 4603.705731 3 63 46.749567 2 4 13.319516
mdaV2 4603.705731 3 63 46.749567 2 4 13.319516
mdaV2 5520.343312 3 72 46.749567 2 4 13.319516
mdaV2 5520.343312 3 72 46.749567 2 4 13.319516
mdaV2 5530.386163 3 72 46.749567 2 4 13.319516
mdaV2 5530.386163 3 72 46.749567 2 4 13.319516
mdaV2 5646.386160 3 73 46.749567 2 4 13.319516
mdaV2 5646.386160 3 73 46.749567 2 4 13.319516
mdaV2 5675.133336 3 74 46.749567 2 4 13.319516
mdaV2 5675.133336 3 74 46.749567 2 4 13.319516
mdaV2 5685.569555 3 74 46.749567 2 4 13.319516
mdaV2 5685.569555 3 74 46.749567 2 4 13.319516
mdaV2 5695.569562 3 74 46.749567 2 4 13.319516
mdaV2 5695.569562 3 74 46.749567 2 4 13.319516
mdaV2 5706.133340 3 74 46.749567 2 4 13.319516
mdaV2 5706.133340 3 74 46.749567 2 4 13.319516
mdaV2 5925.586696 3 77 46.749567 2 5 13.319516
mdaV2 5925.586696 3 77 46.749567 2 5 13.319516
mdaV2 6012.048462 3 79 46.749567 2 5 13.319516
mdaV2 6012.048462 3 79 46.749567 2 5 13.319516
mdaV2 6022.461237 3 79 46.749567 2 5 13.319516
mdaV2 6022.461237 3 79 46.749567 2 5 13.319516
mdaV2 6043.461233 3 79 46.749567 2 5 13.319516
mdaV2 6043.461233 3 79 46.749567 2 5 13.319516
mdaV2 6135.914208 3 80 46.749567 2 5 13.319516
mdaV2 6135.914208 3 80 46.749567 2 5 13.319516
mdaV2 6146.461233 3 80 46.749567 2 5 13.319516
mdaV2 6146.461233 3 80 46.749567 2 5 13.319516
mdaV2 6156.461235 3 80 46.749567 2 5 13.319516
mdaV2 6156.461235 3 80 46.749567 2 5 13.319516
mdaV2 6166.461237 3 81 46.749567 2 5 13.319516
mdaV2 6166.461237 3 81 46.749567 2 5 13.319516
mdaV2 6191.526428 3 83 46.749567 2 5 13.319516
mdaV2 6191.526428 3 83 46.749567 2 5 13.319516
mdaV2 6201.526430 3 83 46.749567 2 5 13.319516
mdaV2 6201.526430 3 83 46.749567 2 5 13.319516
mdaV2 6216.526429 3 83 46.749567 2 5 13.319516
mdaV2 6216.526429 3 83 46.749567 2 5 13.319516
mdaV2 6227.258712 3 83 46.749567 2 5 13.319516
mdaV2 6227.258712 3 83 46.749567 2 5 13.319516
mdaV2 6237.258715 3 83 46.749567 2 5 13.319516
mdaV2 6237.258715 3 83 46.749567 2 5 13.319516
mdaV2 6252.258707 3 83 46.749567 2 5 13.319516
mdaV2 6252.258707 3 83 46.749567 2 5 13.319516
mdaV2 6439.171247 3 88 46.749567 2 5 13.319516
mdaV2 6439.171247 3 88 46.749567 2 5 13.319516
mdaV2 6449.171252 3 88 46.749567 2 5 13.319516
mdaV2 6449.171252 3 88 46.749567 2 5 13.319516
mdaV2 7410.594914 3 94 46.749567 2 5 13.319516
mdaV2 7410.594914 3 94 46.749567 2 5 13.319516
mdaV2 7420.807119 3 94 46.749567 2 5 13.319516
mdaV2 7420.807119 3 94 46.749567 2 5 13.319516
mdaV2 7431.594912 3 95 46.749567 2 5 13.319516
mdaV2 7431.594912 3 95 46.749567 2 5 13.319516
mdaV2 7441.807117 3 95 46.749567 2 5 13.319516
mdaV2 7441.807117 3 95 46.749567 2 5 13.319516
mdaV2 7455.541767 4 96 43.210903 2 5 13.319516
mdaV2 7455.541767 4 96 43.210903 2 5 13.319516
mdaV2 7471.541760 4 96 43.210903 2 5 13.319516
mdaV2 7471.541760 4 96 43.210903 2 5 13.319516
mdaV2 7491.038636 4 96 43.210903 2 6 13.319516
mdaV2 7491.038636 4 96 43.210903 2 6 13.319516
mdaV2 7501.541756 4 97 43.210903 2 6 13.319516
mdaV2 7501.541756 4 97 43.210903 2 6 13.319516
mdaV2 7511.541765 4 98 43.210903 2 6 13.319516
mdaV2 7511.541765 4 98 43.210903 2 6 13.319516
mdaV2 7522.885735 4 98 43.210903 3 6 20.338275
mdaV2 7522.885735 4 98 43.210903 3 6 20.338275
mdaV2 7540.327355 4 98 43.210903 3 6 20.338275
mdaV2 7540.327355 4 98 43.210903 3 6 20.338275
mdaV2 8010.753243 4 103 43.210903 3 6 20.338275
mdaV2 8010.753243 4 103 43.210903 3 6 20.338275
mdaV2 8021.019796 4 103 43.210903 3 6 20.338275
mdaV2 8021.019796 4 103 43.210903 3 6 20.338275
mdaV2 8031.019801 4 103 43.210903 3 6 20.338275
mdaV2 8031.019801 4 103 43.210903 3 6 20.338275
mdaV2 8090.725478 4 104 43.210903 3 6 20.338275
mdaV2 8090.725478 4 104 43.210903 3 6 20.338275
mdaV2 8100.753234 4 105 43.210903 3 6 20.338275
mdaV2 8100.753234 4 105 43.210903 3 6 20.338275
mdaV2 8110.753236 4 105 43.210903 3 6 20.338275
mdaV2 8110.753236 4 105 43.210903 3 6 20.338275
mdaV2 8120.753244 4 105 43.210903 3 6 20.338275
mdaV2 8120.753244 4 105 43.210903 3 6 20.338275
mdaV2 8174.725476 4 106 43.210903 3 6 20.338275
mdaV2 8174.725476 4 106 43.210903 3 6 20.338275
mdaV2 8204.302439 4 107 43.210903 3 6 20.338275
mdaV2 8204.302439 4 107 43.210903 3 6 20.338275
mdaV2 8214.725472 4 107 43.210903 3 6 20.338275
mdaV2 8214.725472 4 107 43.210903 3 6 20.338275
mdaV2 8224.725479 4 107 43.210903 3 6 20.338275
mdaV2 8224.725479 4 107 43.210903 3 6 20.338275
mdaV2 8235.302433 4 108 43.210903 3 6 20.338275
mdaV2 8235.302433 4 108 43.210903 3 6 20.338275
mdaV2 8245.725469 4 108 43.210903 3 6 20.338275
mdaV2 8245.725469 4 108 43.210903 3 6 20.338275
mdaV2 8255.725477 4 108 43.210903 3 6 20.338275
mdaV2 8255.725477 4 108 43.210903 3 6 20.338275
mdaV2 8842.877382 4 115 43.210903 3 7 20.338275
mdaV2 8842.877382 4 115 43.210903 3 7 20.338275
mdaV2 8853.066550 4 115 43.210903 4 7 20.223052
mdaV2 8853.066550 4 115 43.210903 4 7 20.223052
mdaV2 8863.163651 4 115 43.210903 4 7 20.223052
mdaV2 8863.163651 4 115 43.210903 4 7 20.223052
mdaV2 8873.877381 4 115 43.210903 4 7 20.223052
mdaV2 8873.877381 4 115 43.210903 4 7 20.223052
mdaV2 8883.877384 4 115 43.210903 4 7 20.223052
mdaV2 8883.877384 4 115 43.210903 4 7 20.223052
mdaV2 8893.877389 4 116 43.210903 4 7 20.223052
mdaV2 8893.877389 4 116 43.210903 4 7 20.223052
mdaV2 9340.018982 4 121 43.210903 4 7 20.223052
mdaV2 9340.018982 4 121 43.210903 4 7 20.223052
mdaV2 9627.662773 4 125 43.210903 4 7 20.223052
mdaV2 9627.662773 4 125 43.210903 4 7 20.223052
mdaV2 9637.733264 4 125 43.210903 4 7 20.223052
mdaV2 9637.733264 4 125 43.210903 4 7 20.223052
mdaV2 9647.733273 4 125 43.210903 4 7 20.223052
mdaV2 9647.733273 4 125 43.210903 4 7 20.223052
mdaV2 9658.662771 4 126 43.210903 4 7 20.223052
mdaV2 9658.662771 4 126 43.210903 4 7 20.223052
mdaV2 9668.662771 4 126 43.210903 4 7 20.223052
mdaV2 9668.662771 4 126 43.210903 4 7 20.223052
mdaV2 9678.662772 4 126 43.210903 4 7 20.223052
mdaV2 9678.662772 4 126 43.210903 4 7 20.223052
mdaV2 9689.662771 5 126 46.323870 4 7 20.223052
mdaV2 9689.662771 5 126 46.323870 4 7 20.223052
mdaV2 9712.662773 5 127 46.323870 4 7 20.223052
mdaV2 9712.662773 5 127 46.323870 4 7 20.223052
mdaV2 9726.662772 5 128 46.323870 4 7 20.223052
mdaV2 9726.662772 5 128 46.323870 4 7 20.223052
mdaV2 9958.313049 5 131 46.323870 4 7 20.223052
mdaV2 9958.313049 5 131 46.323870 4 7 20.223052
mdaV2 10015.185211 5 131 46.323870 4 7 20.223052
mdaV2 10015.185211 5 131 46.323870 4 7 20.223052
mdaV2 10473.008800 5 136 46.323870 4 8 20.223052
mdaV2 10473.008800 5 136 46.323870 4 8 20.223052
mdaV2 10932.540419 5 139 46.323870 5 8 37.780202
mdaV2 10932.540419 5 139 46.323870 5 8 37.780202
mdaV2 11118.191282 5 147 46.323870 5 8 37.780202
mdaV2 11118.191282 5 147 46.323870 5 8 37.780202
mdaV2 11128.191283 5 147 46.323870 5 8 37.780202
mdaV2 11128.191283 5 147 46.323870 5 8 37.780202
mdaV2 11138.191284 5 147 46.323870 5 8 37.780202
mdaV2 11138.191284 5 147 46.323870 5 8 37.780202
mdaV2 11148.191287 5 147 46.323870 5 8 37.780202
mdaV2 11148.191287 5 147 46.323870 5 8 37.780202
mdaV2 11158.191291 5 147 46.323870 5 8 37.780202
mdaV2 11158.191291 5 147 46.323870 5 8 37.780202
mdaV2 11168.325108 5 147 46.323870 5 8 37.780202
mdaV2 11168.325108 5 147 46.323870 5 8 37.780202
mdaV2 11179.194050 5 147 46.323870 5 8 37.780202
mdaV2 11179.194050 5 147 46.323870 5 8 37.780202
mdaV2 11189.194053 5 147 46.323870 5 8 37.780202
mdaV2 11189.194053 5 147 46.323870 5 8 37.780202
mdaV2 11199.194053 5 147 46.323870 5 8 37.780202
mdaV2 11199.194053 5 147 46.323870 5 8 37.780202
mdaV2 11209.194053 5 147 46.323870 5 8 37.780202
mdaV2 11209.194053 5 147 46.323870 5 8 37.780202
mdaV2 11219.459544 5 147 46.323870 5 8 37.780202
mdaV2 11219.459544 5 147 46.323870 5 8 37.780202
mdaV2 11229.459545 5 148 46.323870 5 8 37.780202
mdaV2 11229.459545 5 148 46.323870 5 8 37.780202
mdaV2 11239.459547 5 148 46.323870 5 8 37.780202
mdaV2 11239.459547 5 148 46.323870 5 8 37.780202
mdaV2 11249.459548 5 148 46.323870 5 8 37.780202
mdaV2 11249.459548 5 148 46.323870 5 8 37.780202
mdaV2 11260.191290 5 148 46.323870 5 8 37.780202
mdaV2 11260.191290 5 148 46.323870 5 8 37.780202
mdaV2 11271.240018 5 148 46.323870 5 8 37.780202
mdaV2 11271.240018 5 148 46.323870 5 8 37.780202
mdaV2 11806.121553 5 155 46.323870 5 9 37.780202
mdaV2 11806.121553 5 155 46.323870 5 9 37.780202
mdaV2 11816.491797 5 155 46.323870 6 9 42.337094
mdaV2 11816.491797 5 155 46.323870 6 9 42.337094
mdaV2 11827.121560 5 155 46.323870 6 9 42.337094
mdaV2 11827.121560 5 155 46.323870 6 9 42.337094
mdaV2 11837.491792 5 155 46.323870 6 9 42.337094
mdaV2 11837.491792 5 155 46.323870 6 9 42.337094
mdaV2 11847.491802 5 155 46.323870 6 9 42.337094
mdaV2 11847.491802 5 155 46.323870 6 9 42.337094
mdaV2 11858.121551 5 155 46.323870 6 9 42.337094
mdaV2 11858.121551 5 155 46.323870 6 9 42.337094
mdaV2 11868.121558 5 155 46.323870 6 9 42.337094
mdaV2 11868.121558 5 155 46.323870 6 9 42.337094
mdaV2 12559.061668 5 165 46.323870 6 9 42.337094
mdaV2 12559.061668 5 165 46.323870 6 9 42.337094
mdaV2 12569.760265 5 165 46.323870 6 9 42.337094
mdaV2 12569.760265 5 165 46.323870 6 9 42.337094
mdaV2 13086.569512 5 171 46.323870 6 9 42.337094
mdaV2 13086.569512 5 171 46.323870 6 9 42.337094
mdaV2 13096.569517 5 172 46.323870 6 9 42.337094
mdaV2 13096.569517 5 172 46.323870 6 9 42.337094
mdaV2 13106.569843 5 172 46.323870 7 10 36.370343
mdaV2 13106.569843 5 172 46.323870 7 10 36.370343
mdaV2 13116.569849 5 173 46.323870 7 10 36.370343
mdaV2 13116.569849 5 173 46.323870 7 10 36.370343
mdaV2 13126.937013 5 173 46.323870 7 10 36.370343
mdaV2 13126.937013 5 173 46.323870 7 10 36.370343
mdaV2 13136.937017 5 173 46.323870 7 10 36.370343
mdaV2 13136.937017 5 173 46.323870 7 10 36.370343
mdaV2 13146.937021 5 173 46.323870 7 10 36.370343
mdaV2 13146.937021 5 173 46.323870 7 10 36.370343
mdaV2 13157.569510 5 173 46.323870 7 10 36.370343
mdaV2 13157.569510 5 173 46.323870 7 10 36.370343
mdaV2 13167.569512 5 173 46.323870 7 10 36.370343
mdaV2 13167.569512 5 173 46.323870 7 10 36.370343
mdaV2 13177.569842 5 174 46.323870 7 10 36.370343
mdaV2 13177.569842 5 174 46.323870 7 10 36.370343
mdaV2 13187.569845 5 174 46.323870 7 10 36.370343
mdaV2 13187.569845 5 174 46.323870 7 10 36.370343
mdaV2 13274.975093 5 178 46.323870 7 10 36.370343
mdaV2 13274.975093 5 178 46.323870 7 10 36.370343
mdaV2 13609.897712 5 181 46.323870 7 10 36.370343
mdaV2 13609.897712 6 181 34.181818 7 10 36.370343
mdaV2 13632.293175 6 181 34.181818 7 10 36.370343
mdaV2 13632.293175 6 181 34.181818 7 10 36.370343
mdaV2 13996.451075 6 185 34.181818 7 10 36.370343
mdaV2 13996.451075 6 185 34.181818 7 10 36.370343
mdaV2 14235.038566 6 190 34.181818 7 10 36.370343
mdaV2 14235.038566 6 190 34.181818 7 10 36.370343
mdaV2 14245.475146 6 190 34.181818 7 10 36.370343
mdaV2 14245.475146 6 190 34.181818 7 10 36.370343
mdaV2 14457.025589 6 192 34.181818 7 11 36.370343
mdaV2 14457.025589 6 192 34.181818 7 11 36.370343
mdaV2 14481.208791 6 196 34.181818 8 11 33.017659
mdaV2 14481.208791 6 196 34.181818 8 11 33.017659
mdaV2 14491.466714 6 196 34.181818 8 11 33.017659
mdaV2 14491.466714 6 196 34.181818 8 11 33.017659
mdaV2 14501.466722 6 196 34.181818 8 11 33.017659
mdaV2 14501.466722 6 196 34.181818 8 11 33.017659
mdaV2 14512.400566 6 197 34.181818 8 11 33.017659
mdaV2 14512.400566 6 197 34.181818 8 11 33.017659
mdaV2 14522.400569 6 197 34.181818 8 11 33.017659
mdaV2 14522.400569 6 197 34.181818 8 11 33.017659
mdaV2 14532.400571 6 197 34.181818 8 11 33.017659
mdaV2 14532.400571 6 197 34.181818 8 11 33.017659
mdaV2 14542.466717 6 197 34.181818 8 11 33.017659
mdaV2 14542.466717 6 197 34.181818 8 11 33.017659
mdaV2 14552.466723 6 197 34.181818 8 11 33.017659
mdaV2 14552.466723 6 197 34.181818 8 11 33.017659
mdaV2 14571.124278 6 198 34.181818 8 11 33.017659
mdaV2 14571.124278 6 198 34.181818 8 11 33.017659
mdaV2 14581.466716 6 198 34.181818 8 11 33.017659
mdaV2 14581.466716 6 198 34.181818 8 11 33.017659
mdaV2 14591.466718 6 199 34.181818 8 11 33.017659
mdaV2 14591.466718 6 199 34.181818 8 11 33.017659
mdaV2 14601.466720 6 200 34.181818 8 11 33.017659
mdaV2 14601.466720 6 200 34.181818 8 11 33.017659
mdaV2 14611.466725 6 201 34.181818 8 11 33.017659
mdaV2 14611.466725 6 201 34.181818 8 11 33.017659
mdaV2 14621.670536 6 201 34.181818 8 11 33.017659
mdaV2 14621.670536 6 201 34.181818 8 11 33.017659
mdaV2 14632.124285 6 201 34.181818 8 11 33.017659
mdaV2 14632.124285 6 201 34.181818 8 11 33.017659
mdaV2 14642.390909 6 201 34.181818 8 11 33.017659
mdaV2 14642.390909 6 201 34.181818 8 11 33.017659
mdaV2 14652.670532 6 201 34.181818 8 11 33.017659
mdaV2 14652.670532 6 201 34.181818 8 11 33.017659
mdaV2 14663.390908 6 201 34.181818 8 11 33.017659
mdaV2 14663.390908 6 201 34.181818 8 11 33.017659
mdaV2 14673.390908 6 201 34.181818 8 11 33.017659
mdaV2 14673.390908 6 201 34.181818 8 11 33.017659
mdaV2 14683.390908 6 201 34.181818 8 11 33.017659
mdaV2 14683.390908 6 201 34.181818 8 11 33.017659
mdaV2 14693.390910 6 202 34.181818 8 11 33.017659
mdaV2 14693.390910 6 202 34.181818 8 11 33.017659
mdaV2 14703.390918 6 202 34.181818 8 11 33.017659
mdaV2 14703.390918 6 202 34.181818 8 11 33.017659
mdaV2 14713.670531 6 203 34.181818 8 11 33.017659
mdaV2 14713.670531 6 203 34.181818 8 11 33.017659
mdaV2 14723.670533 6 203 34.181818 8 11 33.017659
mdaV2 14723.670533 6 203 34.181818 8 11 33.017659
mdaV2 14734.390909 6 203 34.181818 8 11 33.017659
mdaV2 14734.390909 6 203 34.181818 8 11 33.017659
mdaV2 14744.390911 6 203 34.181818 8 11 33.017659
mdaV2 14744.390911 6 203 34.181818 8 11 33.017659
mdaV2 14754.390912 6 205 34.181818 8 11 33.017659
mdaV2 14754.390912 6 205 34.181818 8 11 33.017659
mdaV2 14764.390915 6 205 34.181818 8 11 33.017659
mdaV2 14764.390915 6 205 34.181818 8 11 33.017659
mdaV2 14774.531810 6 205 34.181818 8 11 33.017659
mdaV2 14774.531810 6 205 34.181818 8 11 33.017659
mdaV2 14792.932656 6 205 34.181818 8 11 33.017659
mdaV2 14792.932656 6 205 34.181818 8 11 33.017659
mdaV2 14847.932661 6 205 34.181818 8 11 33.017659
mdaV2 14847.932661 6 205 34.181818 8 11 33.017659
mdaV2 15042.319301 6 209 34.181818 8 11 33.017659
mdaV2 15042.319301 6 209 34.181818 8 11 33.017659
mdaV2 15052.427390 6 209 34.181818 8 11 33.017659
mdaV2 15052.427390 6 209 34.181818 8 11 33.017659
mdaV2 15063.319303 6 209 34.181818 8 11 33.017659
mdaV2 15063.319303 6 209 34.181818 8 11 33.017659
mdaV2 15093.418451 6 210 34.181818 8 12 33.017659
mdaV2 15093.418451 6 210 34.181818 8 12 33.017659
mdaV2 15103.848989 6 210 34.181818 9 12 29.443363
mdaV2 15103.848989 6 210 34.181818 9 12 29.443363
mdaV2 15114.418447 6 210 34.181818 9 12 29.443363
mdaV2 15114.418447 6 210 34.181818 9 12 29.443363
mdaV2 15124.418449 6 210 34.181818 9 12 29.443363
mdaV2 15124.418449 6 210 34.181818 9 12 29.443363
mdaV2 15571.615686 6 216 34.181818 9 12 29.443363
mdaV2 15571.615686 6 216 34.181818 9 12 29.443363
mdaV2 15581.615688 6 216 34.181818 9 12 29.443363
mdaV2 15581.615688 6 216 34.181818 9 12 29.443363
mdaV2 15637.766033 6 217 34.181818 9 12 29.443363
mdaV2 15637.766033 6 217 34.181818 9 12 29.443363
mdaV2 15647.766034 6 217 34.181818 9 12 29.443363
mdaV2 15647.766034 6 217 34.181818 9 12 29.443363
mdaV2 15657.828522 6 217 34.181818 9 12 29.443363
mdaV2 15657.828522 6 217 34.181818 9 12 29.443363
mdaV2 15909.926916 6 223 34.181818 9 12 29.443363
mdaV2 15909.926916 6 223 34.181818 9 12 29.443363
mdaV2 15920.584417 6 223 34.181818 9 12 29.443363
mdaV2 15920.584417 6 223 34.181818 9 12 29.443363
mdaV2 15980.300282 6 227 34.181818 9 12 29.443363
mdaV2 15980.300282 6 227 34.181818 9 12 29.443363
mdaV2 15990.300285 6 227 34.181818 9 12 29.443363
mdaV2 15990.300285 6 227 34.181818 9 12 29.443363
mdaV2 16000.926910 6 227 34.181818 9 12 29.443363
mdaV2 16000.926910 6 227 34.181818 9 12 29.443363
mdaV2 16024.400017 6 229 34.181818 9 12 29.443363
mdaV2 16024.400017 6 229 34.181818 9 12 29.443363
mdaV2 16034.831853 6 229 34.181818 9 12 29.443363
mdaV2 16034.831853 6 229 34.181818 9 12 29.443363
mdaV2 16044.831859 6 229 34.181818 9 12 29.443363
mdaV2 16044.831859 6 229 34.181818 9 12 29.443363
mdaV2 16060.400008 6 229 34.181818 9 12 29.443363
mdaV2 16060.400008 6 229 34.181818 9 12 29.443363
mdaV2 16093.447777 6 229 34.181818 9 13 29.443363
mdaV2 16093.447777 6 229 34.181818 10 13 26.943805
mdaV2 16148.447780 6 231 34.181818 10 13 26.943805
mdaV2 16148.447780 6 231 34.181818 10 13 26.943805
mdaV2 16158.634901 6 231 34.181818 10 13 26.943805
mdaV2 16158.634901 6 231 34.181818 10 13 26.943805
mdaV2 16169.231463 6 232 34.181818 10 13 26.943805
mdaV2 16169.231463 6 232 34.181818 10 13 26.943805
mdaV2 16179.231468 6 232 34.181818 10 13 26.943805
mdaV2 16179.231468 6 232 34.181818 10 13 26.943805
mdaV2 16254.231473 6 233 34.181818 10 13 26.943805
mdaV2 16254.231473 6 233 34.181818 10 13 26.943805
mdaV2 16264.811812 6 235 34.181818 10 13 26.943805
mdaV2 16264.811812 6 235 34.181818 10 13 26.943805
mdaV2 16274.858636 6 235 34.181818 10 13 26.943805
mdaV2 16274.858636 6 235 34.181818 10 13 26.943805
mdaV2 16285.231473 6 236 34.181818 10 13 26.943805
mdaV2 16285.231473 6 236 34.181818 10 13 26.943805
mdaV2 16295.732048 6 236 34.181818 10 13 26.943805
mdaV2 16295.732048 6 236 34.181818 10 13 26.943805
mdaV2 16305.858628 6 236 34.181818 10 13 26.943805
mdaV2 16305.858628 6 236 34.181818 10 13 26.943805
mdaV2 16315.858635 8 237 39.924166 10 13 26.943805
mdaV2 16315.858635 8 237 39.924166 10 13 26.943805
mdaV2 16326.732044 8 237 39.924166 10 13 26.943805
mdaV2 16326.732044 8 237 39.924166 10 13 26.943805
mdaV2 16336.732047 8 237 39.924166 10 13 26.943805
mdaV2 16336.732047 8 237 39.924166 10 13 26.943805
mdaV2 16346.732052 8 237 39.924166 10 13 26.943805
mdaV2 16346.732052 8 237 39.924166 10 13 26.943805
mdaV2 16357.201212 8 237 39.924166 10 13 26.943805
mdaV2 16357.201212 8 237 39.924166 10 13 26.943805
mdaV2 16367.732050 8 238 39.924166 10 13 26.943805
mdaV2 16367.732050 8 238 39.924166 10 13 26.943805
mdaV2 16377.732052 8 238 39.924166 10 13 26.943805
mdaV2 16377.732052 8 238 39.924166 10 13 26.943805
mdaV2 16388.201209 8 239 39.924166 10 13 26.943805
mdaV2 16388.201209 8 239 39.924166 10 13 26.943805
mdaV2 16398.492090 8 240 39.924166 10 13 26.943805
mdaV2 16398.492090 8 240 39.924166 10 13 26.943805
mdaV2 16408.492096 8 240 39.924166 10 13 26.943805
mdaV2 16408.492096 8 240 39.924166 10 13 26.943805
mdaV2 16418.492549 8 241 39.924166 10 13 26.943805
mdaV2 16418.492549 8 241 39.924166 10 13 26.943805
mdaV2 16428.492550 8 241 39.924166 10 13 26.943805
mdaV2 16428.492550 8 241 39.924166 10 13 26.943805
mdaV2 16438.552522 8 242 39.924166 10 13 26.943805
mdaV2 16438.552522 8 242 39.924166 10 13 26.943805
mdaV2 16449.182244 8 243 39.924166 10 13 26.943805
mdaV2 16449.182244 8 243 39.924166 10 13 26.943805
mdaV2 16459.182244 8 243 39.924166 10 13 26.943805
mdaV2 16459.182244 8 243 39.924166 10 13 26.943805
mdaV2 16469.492541 8 244 39.924166 10 13 26.943805
mdaV2 16469.492541 8 244 39.924166 10 13 26.943805
mdaV2 16479.492546 8 245 39.924166 10 13 26.943805
mdaV2 16479.492546 8 245 39.924166 10 13 26.943805
mdaV2 16489.492546 8 245 39.924166 10 13 26.943805
mdaV2 16489.492546 8 245 39.924166 10 13 26.943805
mdaV2 16499.492547 8 245 39.924166 10 13 26.943805
mdaV2 16499.492547 8 245 39.924166 10 13 26.943805
mdaV2 16509.492547 8 246 39.924166 10 13 26.943805
mdaV2 16509.492547 8 246 39.924166 10 13 26.943805
mdaV2 16519.552522 8 248 39.924166 10 13 26.943805
mdaV2 16519.552522 8 248 39.924166 10 13 26.943805
mdaV2 16529.688436 8 248 39.924166 10 13 26.943805
mdaV2 16529.688436 8 248 39.924166 10 13 26.943805
mdaV2 16539.826788 8 248 39.924166 11 14 24.614939
mdaV2 16539.826788 8 248 39.924166 11 14 24.614939
mdaV2 16550.326278 8 249 39.924166 11 14 24.614939
mdaV2 16550.326278 8 249 39.924166 11 14 24.614939
mdaV2 16560.368907 8 250 39.924166 11 14 24.614939
mdaV2 16560.368907 8 250 39.924166 11 14 24.614939
mdaV2 16570.368910 8 250 39.924166 11 14 24.614939
mdaV2 16570.368910 8 250 39.924166 11 14 24.614939
mdaV2 16580.368910 8 250 39.924166 11 14 24.614939
mdaV2 16580.368910 8 250 39.924166 11 14 24.614939
mdaV2 16590.492086 8 250 39.924166 11 14 24.614939
mdaV2 16590.492086 8 250 39.924166 11 14 24.614939
mdaV2 16600.492088 8 250 39.924166 11 14 24.614939
mdaV2 16600.492088 8 250 39.924166 11 14 24.614939
mdaV2 16610.732827 8 250 39.924166 11 14 24.614939
mdaV2 16610.732827 8 250 39.924166 11 14 24.614939
mdaV2 16624.488598 8 251 39.924166 11 14 24.614939
mdaV2 16624.488598 8 251 39.924166 11 14 24.614939
mdaV2 16634.688437 8 252 39.924166 11 14 24.614939
mdaV2 16634.688437 8 252 39.924166 11 14 24.614939
mdaV2 16646.064414 8 252 39.924166 11 14 24.614939
mdaV2 16646.064414 8 252 39.924166 11 14 24.614939
mdaV2 16774.235009 8 255 39.924166 11 14 24.614939
mdaV2 16774.235009 8 255 39.924166 11 14 24.614939
mdaV2 16784.365208 8 255 39.924166 11 14 24.614939
mdaV2 16784.365208 8 255 39.924166 11 14 24.614939
mdaV2 16849.307639 8 259 39.924166 11 14 24.614939
mdaV2 16849.307639 8 259 39.924166 11 14 24.614939
mdaV2 16859.395611 8 259 39.924166 11 14 24.614939
mdaV2 16859.395611 8 259 39.924166 11 14 24.614939
mdaV2 16869.444511 9 259 34.292025 11 14 24.614939
mdaV2 16869.444511 9 259 34.292025 11 14 24.614939
mdaV2 16880.307629 9 260 34.292025 11 14 24.614939
mdaV2 16880.307629 9 260 34.292025 11 14 24.614939
mdaV2 16890.307637 9 260 34.292025 11 14 24.614939
mdaV2 16890.307637 9 260 34.292025 11 14 24.614939
mdaV2 16900.907820 9 261 34.292025 11 14 24.614939
mdaV2 16900.907820 9 261 34.292025 11 14 24.614939
mdaV2 16911.907821 9 261 34.292025 11 14 24.614939
mdaV2 16911.907821 9 261 34.292025 11 14 24.614939
mdaV2 16922.013829 9 263 34.292025 11 14 24.614939
mdaV2 16922.013829 9 263 34.292025 11 14 24.614939
mdaV2 16932.013830 9 263 34.292025 11 14 24.614939
mdaV2 16932.013830 9 263 34.292025 11 14 24.614939
mdaV2 16942.013837 9 263 34.292025 11 14 24.614939
mdaV2 16942.013837 9 263 34.292025 11 14 24.614939
mdaV2 16952.907819 9 263 34.292025 11 14 24.614939
mdaV2 16952.907819 9 263 34.292025 11 14 24.614939
mdaV2 16963.117960 9 263 34.292025 11 14 24.614939
mdaV2 16963.117960 9 263 34.292025 11 14 24.614939
mdaV2 16973.307633 9 263 34.292025 11 14 24.614939
mdaV2 16973.307633 9 263 34.292025 11 14 24.614939
mdaV2 16983.307640 9 263 34.292025 11 14 24.614939
mdaV2 16983.307640 9 263 34.292025 11 14 24.614939
mdaV2 16993.395601 9 263 34.292025 11 14 24.614939
mdaV2 16993.395601 9 263 34.292025 11 14 24.614939
mdaV2 17003.834041 9 263 34.292025 11 14 24.614939
mdaV2 17003.834041 9 263 34.292025 11 14 24.614939
mdaV2 17014.117969 10 263 47.257213 11 14 24.614939
mdaV2 17014.117969 10 263 47.257213 11 14 24.614939
mdaV2 17031.834036 10 263 47.257213 11 14 24.614939
mdaV2 17031.834036 10 263 47.257213 11 14 24.614939
mdaV2 17102.644444 10 266 47.257213 11 14 24.614939
mdaV2 17102.644444 10 266 47.257213 11 14 24.614939
mdaV2 17112.644451 11 266 39.655086 11 14 24.614939
mdaV2 17112.644451 11 266 39.655086 11 14 24.614939
mdaV2 17166.947022 11 267 39.655086 11 15 24.614939
mdaV2 17166.947022 11 267 39.655086 11 15 24.614939
mdaV2 17190.395130 11 270 39.655086 11 15 24.614939
mdaV2 17190.395130 11 270 39.655086 11 15 24.614939
mdaV2 17200.442849 11 273 39.655086 12 15 26.100598
mdaV2 17200.442849 11 273 39.655086 12 15 26.100598
mdaV2 17210.510187 12 273 45.491530 12 15 26.100598
mdaV2 17210.510187 12 273 45.491530 12 15 26.100598
mdaV2 17220.510193 12 274 45.491530 12 15 26.100598
mdaV2 17220.510193 12 274 45.491530 12 15 26.100598
mdaV2 17230.644439 12 276 45.491530 12 15 26.100598
mdaV2 17230.644439 12 276 45.491530 12 15 26.100598
mdaV2 17240.644445 12 276 45.491530 12 15 26.100598
mdaV2 17240.644445 12 276 45.491530 12 15 26.100598
mdaV2 17251.004159 12 278 45.491530 12 15 26.100598
mdaV2 17251.004159 12 278 45.491530 12 15 26.100598
mdaV2 17261.385787 12 278 45.491530 12 15 26.100598
mdaV2 17261.385787 12 278 45.491530 12 15 26.100598
mdaV2 17271.385790 12 278 45.491530 12 15 26.100598
mdaV2 17271.385790 12 278 45.491530 12 15 26.100598
mdaV2 17281.415487 13 278 50.228312 12 15 26.100598
mdaV2 17281.415487 13 278 50.228312 12 15 26.100598
mdaV2 17291.415494 13 278 50.228312 12 15 26.100598
mdaV2 17291.415494 13 278 50.228312 12 15 26.100598
mdaV2 17308.385788 13 279 50.228312 12 15 26.100598
mdaV2 17308.385788 13 279 50.228312 12 15 26.100598
mdaV2 17318.397942 13 280 50.228312 12 15 26.100598
mdaV2 17318.397942 13 280 50.228312 12 15 26.100598
mdaV2 17328.459796 13 281 50.228312 12 15 26.100598
mdaV2 17328.459796 13 281 50.228312 12 15 26.100598
mdaV2 17341.036264 13 283 50.228312 12 15 26.100598
mdaV2 17341.036264 13 283 50.228312 12 15 26.100598
mdaV2 17351.042998 13 284 50.228312 12 15 26.100598
mdaV2 17351.042998 13 284 50.228312 12 15 26.100598
mdaV2 17361.049145 14 284 44.080148 12 15 26.100598
mdaV2 17361.049145 14 284 44.080148 12 15 26.100598
mdaV2 17371.459792 14 285 44.080148 12 15 26.100598
mdaV2 17371.459792 14 285 44.080148 12 15 26.100598
mdaV2 17381.459800 14 286 44.080148 12 15 26.100598
mdaV2 17381.459800 14 286 44.080148 12 15 26.100598
mdaV2 17391.627639 14 286 44.080148 12 15 26.100598
mdaV2 17391.627639 14 286 44.080148 12 15 26.100598
mdaV2 17401.627642 14 286 44.080148 12 15 26.100598
mdaV2 17401.627642 14 286 44.080148 12 15 26.100598
mdaV2 17411.627652 14 286 44.080148 12 15 26.100598
mdaV2 17411.627652 14 286 44.080148 12 15 26.100598
mdaV2 17422.043000 14 286 44.080148 12 15 26.100598
mdaV2 17422.043000 14 286 44.080148 12 15 26.100598
mdaV2 17432.392390 14 286 44.080148 12 16 26.100598
mdaV2 17432.392390 14 286 44.080148 12 16 26.100598
mdaV2 17442.392391 14 286 44.080148 12 16 26.100598
mdaV2 17442.392391 14 286 44.080148 12 16 26.100598
mdaV2 17452.392400 14 286 44.080148 12 16 26.100598
mdaV2 17452.392400 14 286 44.080148 12 16 26.100598
mdaV2 17462.397941 14 286 44.080148 13 16 26.298845
mdaV2 17462.397941 14 286 44.080148 13 16 26.298845
mdaV2 17472.627640 14 286 44.080148 13 16 26.298845
mdaV2 17472.627640 14 286 44.080148 13 16 26.298845
mdaV2 17482.627644 14 286 44.080148 13 16 26.298845
mdaV2 17482.627644 14 286 44.080148 13 16 26.298845
mdaV2 17492.746259 14 286 44.080148 13 16 26.298845
mdaV2 17492.746259 14 286 44.080148 13 16 26.298845
mdaV2 17506.097636 14 289 44.080148 13 16 26.298845
mdaV2 17506.097636 14 289 44.080148 13 16 26.298845
mdaV2 17516.627650 14 290 44.080148 13 16 26.298845
mdaV2 17516.627650 14 290 44.080148 13 16 26.298845
mdaV2 17526.627651 14 291 44.080148 13 16 26.298845
mdaV2 17526.627651 14 291 44.080148 13 16 26.298845
mdaV2 17536.677807 14 292 44.080148 13 16 26.298845
mdaV2 17536.677807 14 292 44.080148 13 16 26.298845
mdaV2 17555.677808 14 292 44.080148 13 16 26.298845
mdaV2 17555.677808 14 292 44.080148 13 16 26.298845
mdaV2 17565.916469 14 293 44.080148 13 16 26.298845
mdaV2 17565.916469 14 293 44.080148 13 16 26.298845
mdaV2 17593.809856 14 294 44.080148 13 16 26.298845
mdaV2 17593.809856 14 294 44.080148 13 16 26.298845
mdaV2 17603.916478 14 294 44.080148 13 16 26.298845
mdaV2 17603.916478 14 294 44.080148 13 16 26.298845
mdaV2 17614.221191 14 294 44.080148 13 16 26.298845
mdaV2 17614.221191 14 294 44.080148 13 16 26.298845
mdaV2 17634.809852 14 294 44.080148 13 16 26.298845
mdaV2 17634.809852 14 294 44.080148 13 16 26.298845
mdaV2 17645.221193 14 295 44.080148 13 16 26.298845
mdaV2 17645.221193 14 295 44.080148 13 16 26.298845
mdaV2 17695.303836 14 296 44.080148 13 16 26.298845
mdaV2 17695.303836 14 296 44.080148 13 16 26.298845
mdaV2 17708.303835 14 297 44.080148 13 16 26.298845
mdaV2 17708.303835 14 297 44.080148 13 16 26.298845
mdaV2 17718.809857 14 297 44.080148 13 16 26.298845
mdaV2 17718.809857 14 297 44.080148 13 16 26.298845
mdaV2 17728.809858 14 297 44.080148 13 16 26.298845
mdaV2 17728.809858 14 297 44.080148 13 16 26.298845
mdaV2 17739.303828 14 297 44.080148 13 16 26.298845
mdaV2 17739.303828 14 297 44.080148 13 16 26.298845
mdaV2 17749.303836 15 300 39.377630 13 16 26.298845
mdaV2 17749.303836 15 300 39.377630 13 16 26.298845
mdaV2 17759.757484 15 301 39.377630 13 16 26.298845
mdaV2 17759.757484 15 301 39.377630 13 16 26.298845
mdaV2 17769.757492 16 303 36.394125 13 16 26.298845
mdaV2 17769.757492 16 303 36.394125 13 16 26.298845
mdaV2 17779.809856 16 303 36.394125 13 16 26.298845
mdaV2 17779.809856 16 303 36.394125 13 16 26.298845
mdaV2 17789.952271 16 304 36.394125 13 16 26.298845
mdaV2 17789.952271 16 304 36.394125 13 16 26.298845
mdaV2 17799.952274 16 304 36.394125 13 16 26.298845
mdaV2 17799.952274 16 304 36.394125 13 16 26.298845
mdaV2 17809.952279 16 304 36.394125 13 16 26.298845
mdaV2 17809.952279 16 304 36.394125 13 16 26.298845
mdaV2 17820.264802 16 304 36.394125 13 16 26.298845
mdaV2 17820.264802 16 304 36.394125 13 16 26.298845
mdaV2 17830.264807 16 304 36.394125 13 16 26.298845
mdaV2 17830.264807 16 304 36.394125 13 16 26.298845
mdaV2 17840.264808 16 304 36.394125 13 16 26.298845
mdaV2 17840.264808 16 304 36.394125 13 16 26.298845
mdaV2 17850.542570 16 304 36.394125 13 16 26.298845
mdaV2 17850.542570 16 304 36.394125 13 16 26.298845
mdaV2 17860.542583 16 304 36.394125 13 16 26.298845
mdaV2 17860.542583 16 304 36.394125 13 16 26.298845
mdaV2 17870.741799 16 305 36.394125 13 16 26.298845
mdaV2 17870.741799 16 305 36.394125 13 16 26.298845
mdaV2 17880.795729 16 306 36.394125 14 17 24.524145
mdaV2 17880.795729 16 306 36.394125 14 17 24.524145
mdaV2 17890.807545 16 307 36.394125 14 17 24.524145
mdaV2 17890.807545 16 307 36.394125 14 17 24.524145
mdaV2 17900.810718 16 307 36.394125 14 17 24.524145
mdaV2 17900.810718 16 307 36.394125 14 17 24.524145
mdaV2 17911.460435 16 307 36.394125 14 17 24.524145
mdaV2 17911.460435 16 307 36.394125 14 17 24.524145
mdaV2 17921.542578 16 307 36.394125 14 17 24.524145
mdaV2 17921.542578 16 307 36.394125 14 17 24.524145
mdaV2 17931.795730 17 308 37.068361 14 17 24.524145
mdaV2 17931.795730 17 308 37.068361 14 17 24.524145
mdaV2 17941.795734 19 308 37.849356 14 17 24.524145
mdaV2 17941.795734 19 308 37.849356 14 17 24.524145
mdaV2 17952.460436 19 308 37.849356 14 17 24.524145
mdaV2 17952.460436 19 308 37.849356 14 17 24.524145
mdaV2 17981.365178 19 310 37.849356 14 17 24.524145
mdaV2 17981.365178 19 310 37.849356 14 17 24.524145
mdaV2 17991.365187 19 310 37.849356 14 17 24.524145
mdaV2 17991.365187 19 310 37.849356 14 17 24.524145
mdaV2 18001.493923 19 311 37.849356 14 17 24.524145
mdaV2 18001.493923 19 311 37.849356 14 17 24.524145
mdaV2 18011.493925 19 311 37.849356 14 17 24.524145
mdaV2 18011.493925 19 311 37.849356 14 17 24.524145
mdaV2 18021.675977 19 312 37.849356 14 17 24.524145
mdaV2 18021.675977 19 312 37.849356 14 17 24.524145
mdaV2 18031.675984 19 312 37.849356 14 17 24.524145
mdaV2 18031.675984 19 312 37.849356 14 17 24.524145
mdaV2 18042.388165 19 312 37.849356 14 17 24.524145
mdaV2 18042.388165 19 312 37.849356 14 17 24.524145
mdaV2 18052.675977 19 313 37.849356 14 17 24.524145
mdaV2 18052.675977 19 313 37.849356 14 17 24.524145
mdaV2 18062.675984 19 314 37.849356 14 17 24.524145
mdaV2 18062.675984 19 314 37.849356 14 17 24.524145
mdaV2 18073.366775 19 314 37.849356 14 17 24.524145
mdaV2 18073.366775 19 314 37.849356 14 17 24.524145
mdaV2 18083.366777 20 316 36.886315 14 17 24.524145
mdaV2 18083.366777 20 316 36.886315 14 17 24.524145
mdaV2 18093.444470 20 317 36.886315 14 17 24.524145
mdaV2 18093.444470 20 317 36.886315 14 17 24.524145
mdaV2 18103.444474 20 317 36.886315 14 17 24.524145
mdaV2 18103.444474 20 317 36.886315 14 17 24.524145
mdaV2 18113.444476 20 318 36.886315 14 17 24.524145
mdaV2 18113.444476 20 318 36.886315 14 17 24.524145
mdaV2 18123.631385 20 318 36.886315 14 17 24.524145
mdaV2 18123.631385 20 318 36.886315 14 17 24.524145
mdaV2 18134.027590 20 319 36.886315 14 17 24.524145
mdaV2 18134.027590 20 319 36.886315 14 17 24.524145
mdaV2 18144.027595 20 319 36.886315 14 17 24.524145
mdaV2 18144.027595 20 319 36.886315 14 17 24.524145
mdaV2 18154.444474 20 319 36.886315 14 17 24.524145
mdaV2 18154.444474 20 319 36.886315 14 17 24.524145
mdaV2 18164.609123 20 323 36.886315 14 17 24.524145
mdaV2 18164.609123 20 323 36.886315 14 17 24.524145
mdaV2 18174.626849 20 323 36.886315 14 17 24.524145
mdaV2 18174.626849 20 323 36.886315 14 17 24.524145
mdaV2 18184.626850 20 324 36.886315 14 17 24.524145
mdaV2 18184.626850 20 324 36.886315 14 17 24.524145
mdaV2 18194.626859 20 324 36.886315 14 17 24.524145
mdaV2 18194.626859 20 324 36.886315 14 17 24.524145
mdaV2 18204.900393 20 324 36.886315 15 18 23.226494
mdaV2 18204.900393 20 324 36.886315 15 18 23.226494
mdaV2 18214.907022 20 325 36.886315 15 18 23.226494
mdaV2 18214.907022 20 325 36.886315 15 18 23.226494
mdaV2 18224.907023 20 325 36.886315 15 18 23.226494
mdaV2 18224.907023 20 325 36.886315 15 18 23.226494
mdaV2 18235.027589 20 326 36.886315 15 18 23.226494
mdaV2 18235.027589 20 326 36.886315 15 18 23.226494
mdaV2 18245.059377 20 328 36.886315 15 18 23.226494
mdaV2 18245.059377 20 328 36.886315 15 18 23.226494
mdaV2 18255.059380 20 328 36.886315 15 18 23.226494
mdaV2 18255.059380 20 328 36.886315 15 18 23.226494
mdaV2 18265.294321 20 329 36.886315 15 18 23.226494
mdaV2 18265.294321 20 329 36.886315 15 18 23.226494
mdaV2 18275.387190 20 329 36.886315 15 18 23.226494
mdaV2 18275.387190 20 329 36.886315 15 18 23.226494
mdaV2 18285.419910 20 330 36.886315 15 18 23.226494
mdaV2 18285.419910 20 330 36.886315 15 18 23.226494
mdaV2 18295.722857 20 331 36.886315 15 18 23.226494
mdaV2 18295.722857 20 331 36.886315 15 18 23.226494
mdaV2 18305.879341 21 332 34.552516 15 18 23.226494
mdaV2 18305.879341 21 332 34.552516 15 18 23.226494
mdaV2 18315.907023 21 335 34.552516 15 18 23.226494
mdaV2 18315.907023 21 335 34.552516 15 18 23.226494
mdaV2 18326.059374 21 336 34.552516 15 18 23.226494
mdaV2 18326.059374 21 336 34.552516 15 18 23.226494
mdaV2 18336.059378 21 336 34.552516 15 18 23.226494
mdaV2 18336.059378 21 336 34.552516 15 18 23.226494
mdaV2 18346.121193 21 337 34.552516 15 18 23.226494
mdaV2 18346.121193 21 337 34.552516 15 18 23.226494
mdaV2 18356.258243 21 340 34.552516 15 18 23.226494
mdaV2 18356.258243 21 340 34.552516 15 18 23.226494
mdaV2 18366.258244 21 342 34.552516 15 18 23.226494
mdaV2 18366.258244 21 342 34.552516 15 18 23.226494
mdaV2 18376.368513 21 343 34.552516 16 19 21.814652
mdaV2 18376.368513 21 343 34.552516 16 19 21.814652
mdaV2 18386.385652 21 344 34.552516 16 19 21.814652
mdaV2 18386.385652 21 344 34.552516 16 19 21.814652
mdaV2 18396.385654 21 345 34.552516 16 19 21.814652
mdaV2 18396.385654 21 345 34.552516 16 19 21.814652
mdaV2 18406.385655 21 345 34.552516 16 19 21.814652
mdaV2 18406.385655 21 345 34.552516 16 19 21.814652
mdaV2 18416.385657 22 345 43.645354 16 19 21.814652
mdaV2 18416.385657 22 345 43.645354 16 19 21.814652
mdaV2 18426.385658 24 345 56.217743 16 19 21.814652
mdaV2 18426.385658 24 345 56.217743 16 19 21.814652
mdaV2 18436.385661 24 347 56.217743 16 19 21.814652
mdaV2 18436.385661 24 347 56.217743 16 19 21.814652
mdaV2 18446.426075 24 347 56.217743 16 19 21.814652
mdaV2 18446.426075 24 347 56.217743 16 19 21.814652
mdaV2 18456.426076 25 348 57.959452 16 19 21.814652
mdaV2 18456.426076 25 348 57.959452 16 19 21.814652
mdaV2 18466.759241 25 349 57.959452 16 19 21.814652
mdaV2 18466.759241 25 349 57.959452 16 19 21.814652
mdaV2 18476.763636 26 351 59.403384 16 19 21.814652
mdaV2 18476.763636 26 351 59.403384 16 19 21.814652
mdaV2 18486.950219 26 351 59.403384 16 19 21.814652
mdaV2 18486.950219 26 351 59.403384 16 19 21.814652
mdaV2 18496.950227 26 351 59.403384 16 19 21.814652
mdaV2 18496.950227 26 351 59.403384 16 19 21.814652
mdaV2 18507.203210 26 351 59.403384 16 19 21.814652
mdaV2 18507.203210 26 351 59.403384 16 19 21.814652
mdaV2 18517.205210 26 353 59.403384 16 19 21.814652
mdaV2 18517.205210 26 353 59.403384 16 19 21.814652
mdaV2 18527.385655 26 354 59.403384 16 19 21.814652
mdaV2 18527.385655 26 354 59.403384 16 19 21.814652
mdaV2 18537.426075 26 355 59.403384 16 19 21.814652
mdaV2 18537.426075 26 355 59.403384 16 19 21.814652
mdaV2 18547.426079 26 356 59.403384 16 19 21.814652
mdaV2 18547.426079 26 356 59.403384 16 19 21.814652
mdaV2 18557.617019 26 356 59.403384 16 19 21.814652
mdaV2 18557.617019 26 356 59.403384 16 19 21.814652
mdaV2 18567.617027 26 356 59.403384 16 19 21.814652
mdaV2 18567.617027 26 356 59.403384 16 19 21.814652
mdaV2 18577.617027 26 359 59.403384 16 19 21.814652
mdaV2 18577.617027 26 359 59.403384 16 19 21.814652
mdaV2 18587.899540 26 359 59.403384 16 19 21.814652
mdaV2 18587.899540 26 359 59.403384 16 19 21.814652
mdaV2 18597.899545 26 361 59.403384 16 19 21.814652
mdaV2 18597.899545 26 361 59.403384 16 19 21.814652
mdaV2 18607.899545 27 362 63.810736 16 19 21.814652
mdaV2 18607.899545 27 362 63.810736 16 19 21.814652
mdaV2 18617.907194 27 366 63.810736 17 20 20.584802
mdaV2 18617.907194 27 366 63.810736 17 20 20.584802
mdaV2 18627.967721 27 367 63.810736 17 20 20.584802
mdaV2 18627.967721 27 367 63.810736 17 20 20.584802
mdaV2 18638.023504 27 369 63.810736 17 20 20.584802
mdaV2 18638.023504 27 369 63.810736 17 20 20.584802
mdaV2 18648.073299 27 370 63.810736 17 20 20.584802
mdaV2 18648.073299 27 370 63.810736 17 20 20.584802
mdaV2 18658.090377 27 371 63.810736 17 20 20.584802
mdaV2 18658.090377 27 371 63.810736 17 20 20.584802
mdaV2 18668.126969 27 371 63.810736 17 20 20.584802
mdaV2 18668.126969 27 371 63.810736 17 20 20.584802
mdaV2 18678.396419 27 372 63.810736 17 20 20.584802
mdaV2 18678.396419 27 372 63.810736 17 20 20.584802
mdaV2 18688.539898 27 372 63.810736 17 20 20.584802
mdaV2 18688.539898 27 372 63.810736 17 20 20.584802
mdaV2 18698.539906 27 373 63.810736 17 20 20.584802
mdaV2 18698.539906 27 373 63.810736 17 20 20.584802
mdaV2 18708.553940 27 373 63.810736 17 20 20.584802
mdaV2 18708.553940 27 373 63.810736 17 20 20.584802
mdaV2 18718.566582 28 376 59.634139 17 20 20.584802
mdaV2 18718.566582 28 376 59.634139 17 20 20.584802
mdaV2 18728.822429 29 378 56.314235 17 20 20.584802
mdaV2 18728.822429 29 378 56.314235 17 20 20.584802
mdaV2 18738.822434 29 379 56.314235 17 20 20.584802
mdaV2 18738.822434 29 379 56.314235 17 20 20.584802
mdaV2 18748.854141 29 380 56.314235 17 20 20.584802
mdaV2 18748.854141 29 380 56.314235 17 20 20.584802
mdaV2 18758.854143 29 381 56.314235 18 21 19.481271
mdaV2 18758.854143 29 381 56.314235 18 21 19.481271
mdaV2 18768.854146 29 381 56.314235 18 21 19.481271
mdaV2 18768.854146 29 381 56.314235 18 21 19.481271
mdaV2 18778.854148 29 381 56.314235 18 21 19.481271
mdaV2 18778.854148 29 381 56.314235 18 21 19.481271
mdaV2 18788.854150 29 381 56.314235 18 21 19.481271
mdaV2 18788.854150 29 381 56.314235 18 21 19.481271
mdaV2 18798.931849 29 382 56.314235 18 21 19.481271
mdaV2 18798.931849 29 382 56.314235 18 21 19.481271
mdaV2 18808.967716 29 382 56.314235 18 21 19.481271
mdaV2 18808.967716 29 382 56.314235 18 21 19.481271
mdaV2 18819.289938 29 384 56.314235 18 21 19.481271
mdaV2 18819.289938 29 384 56.314235 18 21 19.481271
mdaV2 18829.515660 29 384 56.314235 18 21 19.481271
mdaV2 18829.515660 29 384 56.314235 18 21 19.481271
mdaV2 18839.515671 30 385 54.157436 18 21 19.481271
mdaV2 18839.515671 30 385 54.157436 18 21 19.481271
mdaV2 18849.805453 30 386 54.157436 18 21 19.481271
mdaV2 18849.805453 30 386 54.157436 18 21 19.481271
mdaV2 18859.805465 30 386 54.157436 18 21 19.481271
mdaV2 18859.805465 30 386 54.157436 18 21 19.481271
mdaV2 18870.145615 30 389 54.157436 18 21 19.481271
mdaV2 18870.145615 30 389 54.157436 18 21 19.481271
mdaV2 18880.145616 30 390 54.157436 18 21 19.481271
mdaV2 18880.145616 30 390 54.157436 18 21 19.481271
mdaV2 18890.213384 30 390 54.157436 18 21 19.481271
mdaV2 18890.213384 30 390 54.157436 18 21 19.481271
mdaV2 18900.805459 30 391 54.157436 18 21 19.481271
mdaV2 18900.805459 30 391 54.157436 18 21 19.481271
mdaV2 18911.042559 30 393 54.157436 18 21 19.481271
mdaV2 18911.042559 30 393 54.157436 18 21 19.481271
mdaV2 18921.654269 30 394 54.157436 18 21 19.481271
mdaV2 18921.654269 30 394 54.157436 18 21 19.481271
mdaV2 18931.654275 30 395 54.157436 18 21 19.481271
mdaV2 18931.654275 30 395 54.157436 18 21 19.481271
mdaV2 18941.654278 30 395 54.157436 18 21 19.481271
mdaV2 18941.654278 30 395 54.157436 18 21 19.481271
mdaV2 18951.759723 30 395 54.157436 18 21 19.481271
mdaV2 18951.759723 30 395 54.157436 18 21 19.481271
mdaV2 18962.042549 31 395 54.069015 18 21 19.481271
mdaV2 18962.042549 31 395 54.069015 18 21 19.481271
mdaV2 18972.042549 31 395 54.069015 18 21 19.481271
mdaV2 18972.042549 31 395 54.069015 18 21 19.481271
mdaV2 18987.654270 31 396 54.069015 18 21 19.481271
mdaV2 18987.654270 31 396 54.069015 18 21 19.481271
mdaV2 18998.042557 31 397 54.069015 18 21 19.481271
mdaV2 18998.042557 31 397 54.069015 18 21 19.481271
mdaV2 19023.541834 31 399 54.069015 18 21 19.481271
mdaV2 19023.541834 31 399 54.069015 18 21 19.481271
mdaV2 19033.690286 31 399 54.069015 18 21 19.481271
mdaV2 19033.690286 31 399 54.069015 18 21 19.481271
mdaV2 19044.308075 31 399 54.069015 18 21 19.481271
mdaV2 19044.308075 31 399 54.069015 18 21 19.481271
mdaV2 19054.541835 31 399 54.069015 18 21 19.481271
mdaV2 19054.541835 31 399 54.069015 18 21 19.481271
mdaV2 19064.690279 31 399 54.069015 18 21 19.481271
mdaV2 19064.690279 31 399 54.069015 18 21 19.481271
mdaV2 19074.690283 31 400 54.069015 18 21 19.481271
mdaV2 19074.690283 31 400 54.069015 18 21 19.481271
mdaV2 19084.690288 31 400 54.069015 18 22 19.481271
mdaV2 19084.690288 31 400 54.069015 18 22 19.481271
mdaV2 19096.541829 31 400 54.069015 19 22 18.693245
mdaV2 19096.541829 31 400 54.069015 19 22 18.693245
mdaV2 19106.541830 31 404 54.069015 19 22 18.693245
mdaV2 19106.541830 31 404 54.069015 19 22 18.693245
mdaV2 19116.541836 31 404 54.069015 19 22 18.693245
mdaV2 19116.541836 31 404 54.069015 19 22 18.693245
mdaV2 19126.574001 31 405 54.069015 19 22 18.693245
mdaV2 19126.574001 31 405 54.069015 19 22 18.693245
mdaV2 19136.610230 31 406 54.069015 19 22 18.693245
mdaV2 19136.610230 31 406 54.069015 19 22 18.693245
mdaV2 19146.690281 31 407 54.069015 19 22 18.693245
mdaV2 19146.690281 31 407 54.069015 19 22 18.693245
mdaV2 19157.078774 31 409 54.069015 19 22 18.693245
mdaV2 19157.078774 31 409 54.069015 19 22 18.693245
mdaV2 19167.244563 31 412 54.069015 19 22 18.693245
mdaV2 19167.244563 31 412 54.069015 19 22 18.693245
mdaV2 19177.339026 32 413 55.126477 19 22 18.693245
mdaV2 19177.339026 32 413 55.126477 19 22 18.693245
mdaV2 19187.493868 32 413 55.126477 19 22 18.693245
mdaV2 19187.493868 32 413 55.126477 19 22 18.693245
mdaV2 19197.816026 32 414 55.126477 19 22 18.693245
mdaV2 19197.816026 32 414 55.126477 19 22 18.693245
mdaV2 19208.243360 33 414 53.469803 19 22 18.693245
mdaV2 19208.243360 33 414 53.469803 19 22 18.693245
mdaV2 19218.244564 33 414 53.469803 19 22 18.693245
mdaV2 19218.244564 33 414 53.469803 19 22 18.693245
mdaV2 19236.489314 33 415 53.469803 19 22 18.693245
mdaV2 19236.489314 33 415 53.469803 19 22 18.693245
mdaV2 19246.589718 33 416 53.469803 19 22 18.693245
mdaV2 19246.589718 33 416 53.469803 19 22 18.693245
mdaV2 19256.594953 33 417 53.469803 19 22 18.693245
mdaV2 19256.594953 33 417 53.469803 19 22 18.693245
mdaV2 19267.243369 33 417 53.469803 19 22 18.693245
mdaV2 19267.243369 33 417 53.469803 19 22 18.693245
mdaV2 19277.429386 33 419 53.469803 19 22 18.693245
mdaV2 19277.429386 33 419 53.469803 19 22 18.693245
mdaV2 19288.187796 33 419 53.469803 19 22 18.693245
mdaV2 19288.187796 33 419 53.469803 19 22 18.693245
mdaV2 19298.882258 33 420 53.469803 19 23 18.693245
mdaV2 19298.882258 33 420 53.469803 19 23 18.693245
mdaV2 19309.448231 33 421 53.469803 20 23 18.380995
mdaV2 19309.448231 33 421 53.469803 20 23 18.380995
mdaV2 19319.783907 33 421 53.469803 20 23 18.380995
mdaV2 19319.783907 33 421 53.469803 20 23 18.380995
mdaV2 19329.882258 33 423 53.469803 20 23 18.380995
mdaV2 19329.882258 33 423 53.469803 20 23 18.380995
mdaV2 19339.882262 33 423 53.469803 20 23 18.380995
mdaV2 19339.882262 33 423 53.469803 20 23 18.380995
mdaV2 19350.063853 33 424 53.469803 20 23 18.380995
mdaV2 19350.063853 33 424 53.469803 20 23 18.380995
mdaV2 19360.187798 33 427 53.469803 20 23 18.380995
mdaV2 19360.187798 33 427 53.469803 20 23 18.380995
mdaV2 19370.187801 33 430 53.469803 20 23 18.380995
mdaV2 19370.187801 33 430 53.469803 20 23 18.380995
mdaV2 19380.265119 33 430 53.469803 20 23 18.380995
mdaV2 19380.265119 33 430 53.469803 20 23 18.380995
mdaV2 19390.759664 33 430 53.469803 20 23 18.380995
mdaV2 19390.759664 33 430 53.469803 20 23 18.380995
mdaV2 19400.759666 33 430 53.469803 20 23 18.380995
mdaV2 19400.759666 33 430 53.469803 20 23 18.380995
mdaV2 19410.783903 33 431 53.469803 20 23 18.380995
mdaV2 19410.783903 33 431 53.469803 20 23 18.380995
mdaV2 19421.174567 33 434 53.469803 20 23 18.380995
mdaV2 19421.174567 33 434 53.469803 20 23 18.380995
mdaV2 19431.187797 33 435 53.469803 20 23 18.380995
mdaV2 19431.187797 33 435 53.469803 20 23 18.380995
mdaV2 19441.308696 33 435 53.469803 20 23 18.380995
mdaV2 19441.308696 33 435 53.469803 20 23 18.380995
mdaV2 19451.334881 33 435 53.469803 20 23 18.380995
mdaV2 19451.334881 33 435 53.469803 20 23 18.380995
mdaV2 19461.482856 33 437 53.469803 20 23 18.380995
mdaV2 19461.482856 33 437 53.469803 20 23 18.380995
mdaV2 19471.615929 33 437 53.469803 20 23 18.380995
mdaV2 19471.615929 33 437 53.469803 20 23 18.380995
mdaV2 19482.531045 33 438 53.469803 20 23 18.380995
mdaV2 19482.531045 33 438 53.469803 20 23 18.380995
mdaV2 19492.531051 33 439 53.469803 20 24 18.380995
mdaV2 19492.531051 33 439 53.469803 20 24 18.380995
mdaV2 19502.615928 33 440 53.469803 20 24 18.380995
mdaV2 19502.615928 33 440 53.469803 20 24 18.380995
mdaV2 19512.816980 33 440 53.469803 21 24 18.544613
mdaV2 19512.816980 33 440 53.469803 21 24 18.544613
mdaV2 19522.816985 33 440 53.469803 21 24 18.544613
mdaV2 19522.816985 33 440 53.469803 21 24 18.544613
mdaV2 19532.862993 34 441 51.761848 21 24 18.544613
mdaV2 19532.862993 34 441 51.761848 21 24 18.544613
mdaV2 19542.862996 34 441 51.761848 21 24 18.544613
mdaV2 19542.862996 34 441 51.761848 21 24 18.544613
mdaV2 19552.862997 34 441 51.761848 21 24 18.544613
mdaV2 19552.862997 34 441 51.761848 21 24 18.544613
mdaV2 19562.863000 34 441 51.761848 21 24 18.544613
mdaV2 19562.863000 34 441 51.761848 21 24 18.544613
mdaV2 19573.482858 34 441 51.761848 21 24 18.544613
mdaV2 19573.482858 34 441 51.761848 21 24 18.544613
mdaV2 19615.390265 34 444 51.761848 21 24 18.544613
mdaV2 19615.390265 34 444 51.761848 21 24 18.544613
mdaV2 19625.673366 34 446 51.761848 21 24 18.544613
mdaV2 19625.673366 34 446 51.761848 21 24 18.544613
mdaV2 19636.141227 34 447 51.761848 21 24 18.544613
mdaV2 19636.141227 34 447 51.761848 21 24 18.544613
mdaV2 19646.220550 34 449 51.761848 21 24 18.544613
mdaV2 19646.220550 34 449 51.761848 21 24 18.544613
mdaV2 19656.342697 34 451 51.761848 21 24 18.544613
mdaV2 19656.342697 34 451 51.761848 21 24 18.544613
mdaV2 19666.342705 34 451 51.761848 21 24 18.544613
mdaV2 19666.342705 34 451 51.761848 21 24 18.544613
mdaV2 19676.347569 34 452 51.761848 21 24 18.544613
mdaV2 19676.347569 34 452 51.761848 21 24 18.544613
mdaV2 19686.348075 34 452 51.761848 21 24 18.544613
mdaV2 19686.348075 34 452 51.761848 21 24 18.544613
mdaV2 19696.673373 34 452 51.761848 21 24 18.544613
mdaV2 19696.673373 34 452 51.761848 21 24 18.544613
mdaV2 19706.739879 34 454 51.761848 21 24 18.544613
mdaV2 19706.739879 34 454 51.761848 21 24 18.544613
mdaV2 19716.739881 34 455 51.761848 21 24 18.544613
mdaV2 19716.739881 34 455 51.761848 21 24 18.544613
mdaV2 19726.739882 34 456 51.761848 21 24 18.544613
mdaV2 19726.739882 34 456 51.761848 21 24 18.544613
mdaV2 19736.739884 34 459 51.761848 21 25 18.544613
mdaV2 19736.739884 34 459 51.761848 21 25 18.544613
mdaV2 19746.837292 34 460 51.761848 21 25 18.544613
mdaV2 19746.837292 34 460 51.761848 21 25 18.544613
mdaV2 19756.966205 35 461 60.146279 22 25 18.386254
mdaV2 19756.966205 35 461 60.146279 22 25 18.386254
mdaV2 19767.060713 35 461 60.146279 22 25 18.386254
mdaV2 19767.060713 35 461 60.146279 22 25 18.386254
mdaV2 19777.060718 35 462 60.146279 22 25 18.386254
mdaV2 19777.060718 35 462 60.146279 22 25 18.386254
mdaV2 19787.070896 35 464 60.146279 22 25 18.386254
mdaV2 19787.070896 35 464 60.146279 22 25 18.386254
mdaV2 19797.070900 35 465 60.146279 22 25 18.386254
mdaV2 19797.070900 35 465 60.146279 22 25 18.386254
mdaV2 19807.228716 35 465 60.146279 22 25 18.386254
mdaV2 19807.228716 35 465 60.146279 22 25 18.386254
mdaV2 19817.508570 35 465 60.146279 22 25 18.386254
mdaV2 19817.508570 35 465 60.146279 22 25 18.386254
mdaV2 19827.508574 35 466 60.146279 22 25 18.386254
mdaV2 19827.508574 35 466 60.146279 22 25 18.386254
mdaV2 19837.607460 35 466 60.146279 22 25 18.386254
mdaV2 19837.607460 35 466 60.146279 22 25 18.386254
mdaV2 19847.607463 35 468 60.146279 22 25 18.386254
mdaV2 19847.607463 35 468 60.146279 22 25 18.386254
mdaV2 19857.615382 35 471 60.146279 22 25 18.386254
mdaV2 19857.615382 35 471 60.146279 22 25 18.386254
mdaV2 19867.615387 35 474 60.146279 22 25 18.386254
mdaV2 19867.615387 35 474 60.146279 22 25 18.386254
mdaV2 19877.634971 35 474 60.146279 22 25 18.386254
mdaV2 19877.634971 35 474 60.146279 22 25 18.386254
mdaV2 19887.824452 35 475 60.146279 22 25 18.386254
mdaV2 19887.824452 35 475 60.146279 22 25 18.386254
mdaV2 19897.851982 35 476 60.146279 22 25 18.386254
mdaV2 19897.851982 35 476 60.146279 22 25 18.386254
mdaV2 19907.968071 35 476 60.146279 23 26 17.715898
mdaV2 19907.968071 35 476 60.146279 23 26 17.715898
mdaV2 19917.968074 35 478 60.146279 23 26 17.715898
mdaV2 19917.968074 35 478 60.146279 23 26 17.715898
mdaV2 19927.968075 35 479 60.146279 23 26 17.715898
mdaV2 19927.968075 35 479 60.146279 23 26 17.715898
mdaV2 19938.383982 35 479 60.146279 23 26 17.715898
mdaV2 19938.383982 35 479 60.146279 23 26 17.715898
mdaV2 19948.529118 36 479 64.805501 23 26 17.715898
mdaV2 19948.529118 36 479 64.805501 23 26 17.715898
mdaV2 19958.529119 36 479 64.805501 23 26 17.715898
mdaV2 19958.529119 36 479 64.805501 23 26 17.715898
mdaV2 19968.529125 36 481 64.805501 23 26 17.715898
mdaV2 19968.529125 36 481 64.805501 23 26 17.715898
mdaV2 19978.628283 36 481 64.805501 23 26 17.715898
mdaV2 19978.628283 36 481 64.805501 23 26 17.715898
mdaV2 19988.846233 38 485 50.238282 23 26 17.715898
mdaV2 19988.846233 38 485 50.238282 23 26 17.715898
mdaV2 19998.904003 38 486 50.238282 23 26 17.715898
mdaV2 19998.904003 38 486 50.238282 23 26 17.715898
mdaV2 20008.942912 38 487 50.238282 23 26 17.715898
mdaV2 20008.942912 38 487 50.238282 23 26 17.715898
mdaV2 20019.136566 38 489 50.238282 23 26 17.715898
mdaV2 20019.136566 38 489 50.238282 23 26 17.715898
mdaV2 20029.229900 38 489 50.238282 23 26 17.715898
mdaV2 20029.229900 38 489 50.238282 23 26 17.715898
mdaV2 20039.340887 38 491 50.238282 23 26 17.715898
mdaV2 20039.340887 38 491 50.238282 23 26 17.715898
mdaV2 20049.527075 38 492 50.238282 23 26 17.715898
mdaV2 20049.527075 38 492 50.238282 23 26 17.715898
mdaV2 20059.527080 39 493 44.103264 23 26 17.715898
mdaV2 20059.527080 39 493 44.103264 23 26 17.715898
mdaV2 20069.607149 39 495 44.103264 23 26 17.715898
mdaV2 20069.607149 39 495 44.103264 23 26 17.715898
mdaV2 20079.607161 40 495 41.770633 23 26 17.715898
mdaV2 20079.607161 40 495 41.770633 23 26 17.715898
mdaV2 20089.676847 40 495 41.770633 23 26 17.715898
mdaV2 20089.676847 40 495 41.770633 23 26 17.715898
mdaV2 20099.730587 42 495 44.798971 23 27 17.715898
mdaV2 20099.730587 42 495 44.798971 23 27 17.715898
mdaV2 20109.730592 42 496 44.798971 23 27 17.715898
mdaV2 20109.730592 42 496 44.798971 23 27 17.715898
mdaV2 20119.903996 42 499 44.798971 23 27 17.715898
mdaV2 20119.903996 42 499 44.798971 23 27 17.715898
mdaV2 20129.903996 42 499 44.798971 23 27 17.715898
mdaV2 20129.903996 42 499 44.798971 23 27 17.715898
mdaV2 20139.910061 42 501 44.798971 24 27 18.536441
mdaV2 20139.910061 42 501 44.798971 24 27 18.536441
mdaV2 20149.910062 42 502 44.798971 24 27 18.536441
mdaV2 20149.910062 42 502 44.798971 24 27 18.536441
mdaV2 20159.910066 42 504 44.798971 24 27 18.536441
mdaV2 20159.910066 42 504 44.798971 24 27 18.536441
mdaV2 20169.979615 42 506 44.798971 24 27 18.536441
mdaV2 20169.979615 42 506 44.798971 24 27 18.536441
mdaV2 20179.979616 42 509 44.798971 24 27 18.536441
mdaV2 20179.979616 42 509 44.798971 24 27 18.536441
mdaV2 20190.096149 42 511 44.798971 24 27 18.536441
mdaV2 20190.096149 42 511 44.798971 24 27 18.536441
mdaV2 20200.136567 42 512 44.798971 24 27 18.536441
mdaV2 20200.136567 42 512 44.798971 24 27 18.536441
mdaV2 20210.136569 42 513 44.798971 24 27 18.536441
mdaV2 20210.136569 42 513 44.798971 24 27 18.536441
mdaV2 20220.149196 42 514 44.798971 24 27 18.536441
mdaV2 20220.149196 42 514 44.798971 24 27 18.536441
mdaV2 20230.399904 42 514 44.798971 24 28 18.536441
mdaV2 20230.399904 42 514 44.798971 24 28 18.536441
mdaV2 20240.399906 42 516 44.798971 25 28 18.121123
mdaV2 20240.399906 42 516 44.798971 25 28 18.121123
mdaV2 20250.399908 43 516 53.572096 25 28 18.121123
mdaV2 20250.399908 43 516 53.572096 25 28 18.121123
mdaV2 20260.419936 43 517 53.572096 25 28 18.121123
mdaV2 20260.419936 43 517 53.572096 25 28 18.121123
mdaV2 20270.419947 43 520 53.572096 25 28 18.121123
mdaV2 20270.419947 43 520 53.572096 25 28 18.121123
mdaV2 20280.436668 43 521 53.572096 25 28 18.121123
mdaV2 20280.436668 43 521 53.572096 25 28 18.121123
mdaV2 20290.627129 43 522 53.572096 25 28 18.121123
mdaV2 20290.627129 43 522 53.572096 25 28 18.121123
mdaV2 20300.627137 43 524 53.572096 25 28 18.121123
mdaV2 20300.627137 43 524 53.572096 25 28 18.121123
mdaV2 20310.702789 44 526 48.804528 25 28 18.121123
mdaV2 20310.702789 44 526 48.804528 25 28 18.121123
mdaV2 20320.702789 44 526 48.804528 25 28 18.121123
mdaV2 20320.702789 44 526 48.804528 25 28 18.121123
mdaV2 20330.702790 45 528 56.048898 25 28 18.121123
mdaV2 20330.702790 45 528 56.048898 25 28 18.121123
mdaV2 20340.736961 46 529 51.859429 25 28 18.121123
mdaV2 20340.736961 46 529 51.859429 25 28 18.121123
mdaV2 20350.736964 46 531 51.859429 25 28 18.121123
mdaV2 20350.736964 46 531 51.859429 25 28 18.121123
mdaV2 20360.739414 47 532 48.249508 25 28 18.121123
mdaV2 20360.739414 47 532 48.249508 25 28 18.121123
mdaV2 20370.852860 47 533 48.249508 25 29 18.121123
mdaV2 20370.852860 47 533 48.249508 25 29 18.121123
mdaV2 20380.852865 47 536 48.249508 26 29 17.836108
mdaV2 20380.852865 47 536 48.249508 26 29 17.836108
mdaV2 20390.852868 48 536 46.547057 26 29 17.836108
mdaV2 20390.852868 48 536 46.547057 26 29 17.836108
mdaV2 20400.983217 48 537 46.547057 26 29 17.836108
mdaV2 20400.983217 48 537 46.547057 26 29 17.836108
mdaV2 20411.019492 49 537 48.147873 26 29 17.836108
mdaV2 20411.019492 49 537 48.147873 26 29 17.836108
mdaV2 20421.082217 49 539 48.147873 26 29 17.836108
mdaV2 20421.082217 49 539 48.147873 26 29 17.836108
mdaV2 20431.128852 49 540 48.147873 26 29 17.836108
mdaV2 20431.128852 49 540 48.147873 26 29 17.836108
mdaV2 20441.320531 49 541 48.147873 26 29 17.836108
mdaV2 20441.320531 49 541 48.147873 26 29 17.836108
mdaV2 20451.320535 49 545 48.147873 26 29 17.836108
mdaV2 20451.320535 49 545 48.147873 26 29 17.836108
mdaV2 20461.407724 49 546 48.147873 26 29 17.836108
mdaV2 20461.407724 49 546 48.147873 26 29 17.836108
mdaV2 20471.637103 49 546 48.147873 26 29 17.836108
mdaV2 20471.637103 49 546 48.147873 26 29 17.836108
mdaV2 20481.693302 49 550 48.147873 26 29 17.836108
mdaV2 20481.693302 49 550 48.147873 26 29 17.836108
mdaV2 20491.693311 49 550 48.147873 26 29 17.836108
mdaV2 20491.693311 49 550 48.147873 26 29 17.836108
mdaV2 20501.757161 49 552 48.147873 26 29 17.836108
mdaV2 20501.757161 49 552 48.147873 26 29 17.836108
mdaV2 20511.757165 49 552 48.147873 26 29 17.836108
mdaV2 20511.757165 49 552 48.147873 26 29 17.836108
mdaV2 20521.879569 49 553 48.147873 27 30 17.374700
mdaV2 20521.879569 49 553 48.147873 27 30 17.374700
mdaV2 20532.074746 49 553 48.147873 27 30 17.374700
mdaV2 20532.074746 49 553 48.147873 27 30 17.374700
mdaV2 20542.092360 49 555 48.147873 27 30 17.374700
mdaV2 20542.092360 49 555 48.147873 27 30 17.374700
mdaV2 20552.101998 51 557 52.254200 27 30 17.374700
mdaV2 20552.101998 51 557 52.254200 27 30 17.374700
mdaV2 20562.141028 51 559 52.254200 27 30 17.374700
mdaV2 20562.141028 51 559 52.254200 27 30 17.374700
mdaV2 20572.147508 51 560 52.254200 27 30 17.374700
mdaV2 20572.147508 51 560 52.254200 27 30 17.374700
mdaV2 20582.221622 51 561 52.254200 27 30 17.374700
mdaV2 20582.221622 51 561 52.254200 27 30 17.374700
mdaV2 20592.392020 52 561 51.336623 27 30 17.374700
mdaV2 20592.392020 52 561 51.336623 27 30 17.374700
mdaV2 20602.552105 53 566 50.280265 27 30 17.374700
mdaV2 20602.552105 53 566 50.280265 27 30 17.374700
mdaV2 20613.141026 53 566 50.280265 27 30 17.374700
mdaV2 20613.141026 53 566 50.280265 27 30 17.374700
mdaV2 20623.141027 53 569 50.280265 27 30 17.374700
mdaV2 20623.141027 53 569 50.280265 27 30 17.374700
mdaV2 20633.141028 53 571 50.280265 27 31 17.374700
mdaV2 20633.141028 53 571 50.280265 27 31 17.374700
mdaV2 20643.212175 53 572 50.280265 27 31 17.374700
mdaV2 20643.212175 53 572 50.280265 27 31 17.374700
mdaV2 20653.289546 53 572 50.280265 27 31 17.374700
mdaV2 20653.289546 53 572 50.280265 27 31 17.374700
mdaV2 20663.466288 53 572 50.280265 27 31 17.374700
mdaV2 20663.466288 53 572 50.280265 27 31 17.374700
mdaV2 20673.615354 53 574 50.280265 27 31 17.374700
mdaV2 20673.615354 53 574 50.280265 28 31 18.276152
mdaV2 20683.670184 53 574 50.280265 28 31 18.276152
mdaV2 20683.670184 53 574 50.280265 28 31 18.276152
mdaV2 20693.856077 53 574 50.280265 28 31 18.276152
mdaV2 20693.856077 53 574 50.280265 28 31 18.276152
mdaV2 20703.856079 53 575 50.280265 28 31 18.276152
mdaV2 20703.856079 53 575 50.280265 28 31 18.276152
mdaV2 20713.944793 53 576 50.280265 28 31 18.276152
mdaV2 20713.944793 53 576 50.280265 28 31 18.276152
mdaV2 20726.587019 53 577 50.280265 28 31 18.276152
mdaV2 20726.587019 53 577 50.280265 28 31 18.276152
mdaV2 20736.925321 53 580 50.280265 28 31 18.276152
mdaV2 20736.925321 53 580 50.280265 28 31 18.276152
mdaV2 20746.925325 54 583 49.240805 28 31 18.276152
mdaV2 20746.925325 54 583 49.240805 28 31 18.276152
mdaV2 20756.925325 54 584 49.240805 28 31 18.276152
mdaV2 20756.925325 54 584 49.240805 28 31 18.276152
mdaV2 20766.930855 54 586 49.240805 28 31 18.276152
mdaV2 20766.930855 54 586 49.240805 28 31 18.276152
mdaV2 20776.930857 54 588 49.240805 28 31 18.276152
mdaV2 20776.930857 54 588 49.240805 28 31 18.276152
mdaV2 20787.079158 54 588 49.240805 28 31 18.276152
mdaV2 20787.079158 54 588 49.240805 28 31 18.276152
mdaV2 20797.079159 54 591 49.240805 28 32 18.276152
mdaV2 20797.079159 54 591 49.240805 28 32 18.276152
mdaV2 20807.186802 56 593 45.138099 28 32 18.276152
mdaV2 20807.186802 56 593 45.138099 28 32 18.276152
mdaV2 20817.186813 57 594 47.302091 29 32 18.045108
mdaV2 20817.186813 57 594 47.302091 29 32 18.045108
mdaV2 20827.279397 57 596 47.302091 29 32 18.045108
mdaV2 20827.279397 57 596 47.302091 29 32 18.045108
mdaV2 20837.306468 59 598 49.710690 29 32 18.045108
mdaV2 20837.306468 59 598 49.710690 29 32 18.045108
mdaV2 20847.306469 59 600 49.710690 29 32 18.045108
mdaV2 20847.306469 59 600 49.710690 29 32 18.045108
mdaV2 20857.363565 59 604 49.710690 29 32 18.045108
mdaV2 20857.363565 59 604 49.710690 29 32 18.045108
mdaV2 20867.406443 60 605 48.015182 29 32 18.045108
mdaV2 20867.406443 60 605 48.015182 29 32 18.045108
mdaV2 20877.426737 60 606 48.015182 29 32 18.045108
mdaV2 20877.426737 60 606 48.015182 29 32 18.045108
mdaV2 20887.439974 60 607 48.015182 29 32 18.045108
mdaV2 20887.439974 60 607 48.015182 29 32 18.045108
mdaV2 20897.439986 60 610 48.015182 29 33 18.045108
mdaV2 20897.439986 60 610 48.015182 29 33 18.045108
mdaV2 20907.489038 60 613 48.015182 30 33 17.667505
mdaV2 20907.489038 60 613 48.015182 30 33 17.667505
mdaV2 20917.489043 61 614 50.333509 30 33 17.667505
mdaV2 20917.489043 61 614 50.333509 30 33 17.667505
mdaV2 20927.509068 61 615 50.333509 30 33 17.667505
mdaV2 20927.509068 61 615 50.333509 30 33 17.667505
mdaV2 20937.509073 61 615 50.333509 30 33 17.667505
mdaV2 20937.509073 61 615 50.333509 30 33 17.667505
mdaV2 20947.661318 61 618 50.333509 30 33 17.667505
mdaV2 20947.661318 61 618 50.333509 30 33 17.667505
mdaV2 20957.709369 61 619 50.333509 30 33 17.667505
mdaV2 20957.709369 61 619 50.333509 30 33 17.667505
mdaV2 20967.709375 62 619 48.089941 30 33 17.667505
mdaV2 20967.709375 62 619 48.089941 30 33 17.667505
mdaV2 20977.736274 62 622 48.089941 30 33 17.667505
mdaV2 20977.736274 62 622 48.089941 30 33 17.667505
mdaV2 20987.740214 62 623 48.089941 30 33 17.667505
mdaV2 20987.740214 62 623 48.089941 30 33 17.667505
mdaV2 20997.775857 62 626 48.089941 30 33 17.667505
mdaV2 20997.775857 62 626 48.089941 30 33 17.667505
mdaV2 21007.775863 63 627 47.181403 30 33 17.667505
mdaV2 21007.775863 63 627 47.181403 30 33 17.667505
mdaV2 21017.882200 64 628 51.890634 30 33 17.667505
mdaV2 21017.882200 64 628 51.890634 30 33 17.667505
mdaV2 21027.949285 64 630 51.890634 31 34 17.131928
mdaV2 21027.949285 64 630 51.890634 31 34 17.131928
mdaV2 21038.064617 64 631 51.890634 31 34 17.131928
mdaV2 21038.064617 64 631 51.890634 31 34 17.131928
mdaV2 21048.064619 64 632 51.890634 31 34 17.131928
mdaV2 21048.064619 64 632 51.890634 31 34 17.131928
mdaV2 21058.071454 64 634 51.890634 31 34 17.131928
mdaV2 21058.071454 64 634 51.890634 31 34 17.131928
mdaV2 21068.098456 66 636 50.299519 31 34 17.131928
mdaV2 21068.098456 66 636 50.299519 31 34 17.131928
mdaV2 21078.098463 67 639 49.109990 31 34 17.131928
mdaV2 21078.098463 67 639 49.109990 31 34 17.131928
mdaV2 21088.185108 67 641 49.109990 31 34 17.131928
mdaV2 21088.185108 67 641 49.109990 31 34 17.131928
mdaV2 21098.185118 67 642 49.109990 31 34 17.131928
mdaV2 21098.185118 67 642 49.109990 31 34 17.131928
mdaV2 21108.235649 67 643 49.109990 31 34 17.131928
mdaV2 21108.235649 67 643 49.109990 31 34 17.131928
mdaV2 21118.240474 67 645 49.109990 31 34 17.131928
mdaV2 21118.240474 67 645 49.109990 31 34 17.131928
mdaV2 21128.284500 68 645 46.919574 31 34 17.131928
mdaV2 21128.284500 68 645 46.919574 31 34 17.131928
mdaV2 21138.284500 70 647 50.251423 31 34 17.131928
mdaV2 21138.284500 70 647 50.251423 31 34 17.131928
mdaV2 21148.298922 70 647 50.251423 32 35 16.674913
mdaV2 21148.298922 70 647 50.251423 32 35 16.674913
mdaV2 21158.393088 70 648 50.251423 32 35 16.674913
mdaV2 21158.393088 70 648 50.251423 32 35 16.674913
mdaV2 21168.418057 71 648 51.904452 32 35 16.674913
mdaV2 21168.418057 71 648 51.904452 32 35 16.674913
mdaV2 21178.418067 71 650 51.904452 32 35 16.674913
mdaV2 21178.418067 71 650 51.904452 32 35 16.674913
mdaV2 21188.507443 71 652 51.904452 32 35 16.674913
mdaV2 21188.507443 71 652 51.904452 32 35 16.674913
mdaV2 21199.047670 71 652 51.904452 32 35 16.674913
mdaV2 21199.047670 71 652 51.904452 32 35 16.674913
mdaV2 21209.187742 71 653 51.904452 32 35 16.674913
mdaV2 21209.187742 71 653 51.904452 32 35 16.674913
mdaV2 21219.187745 71 654 51.904452 32 35 16.674913
mdaV2 21219.187745 71 654 51.904452 32 35 16.674913
mdaV2 21229.187747 71 655 51.904452 32 35 16.674913
mdaV2 21229.187747 71 655 51.904452 32 35 16.674913
mdaV2 21239.187749 71 659 51.904452 32 35 16.674913
mdaV2 21239.187749 71 659 51.904452 32 35 16.674913
mdaV2 21249.237501 73 663 51.277794 32 35 16.674913
mdaV2 21249.237501 73 663 51.277794 32 35 16.674913
mdaV2 21259.241786 73 667 51.277794 32 36 16.674913
mdaV2 21259.241786 73 667 51.277794 32 36 16.674913
mdaV2 21269.241790 74 668 49.146324 32 36 16.674913
mdaV2 21269.241790 74 668 49.146324 32 36 16.674913
mdaV2 21279.353934 75 671 47.800466 32 36 16.674913
mdaV2 21279.353934 75 671 47.800466 32 36 16.674913
mdaV2 21289.353937 75 674 47.800466 32 36 16.674913
mdaV2 21289.353937 75 674 47.800466 32 36 16.674913
mdaV2 21299.368699 76 675 48.764002 32 36 16.674913
mdaV2 21299.368699 76 675 48.764002 32 36 16.674913
mdaV2 21309.368701 76 677 48.764002 33 36 17.540575
mdaV2 21309.368701 76 677 48.764002 33 36 17.540575
mdaV2 21319.516920 76 677 48.764002 33 36 17.540575
mdaV2 21319.516920 76 677 48.764002 33 36 17.540575
mdaV2 21329.516923 77 678 50.603148 33 36 17.540575
mdaV2 21329.516923 77 678 50.603148 33 36 17.540575
mdaV2 21339.516926 79 682 50.666748 33 36 17.540575
mdaV2 21339.516926 79 682 50.666748 33 36 17.540575
mdaV2 21349.524653 79 684 50.666748 33 36 17.540575
mdaV2 21349.524653 79 684 50.666748 33 36 17.540575
mdaV2 21359.601509 79 686 50.666748 34 37 17.038300
mdaV2 21359.601509 79 686 50.666748 34 37 17.038300
mdaV2 21369.678216 79 686 50.666748 34 37 17.038300
mdaV2 21369.678216 79 686 50.666748 34 37 17.038300
mdaV2 21379.678217 79 688 50.666748 34 37 17.038300
mdaV2 21379.678217 79 688 50.666748 34 37 17.038300
mdaV2 21389.678218 79 688 50.666748 34 37 17.038300
mdaV2 21389.678218 79 688 50.666748 34 37 17.038300
mdaV2 21399.697954 79 690 50.666748 34 37 17.038300
mdaV2 21399.697954 79 690 50.666748 34 37 17.038300
mdaV2 21409.832086 80 690 51.895438 34 37 17.038300
mdaV2 21409.832086 80 690 51.895438 34 37 17.038300
mdaV2 21419.868326 80 692 51.895438 34 37 17.038300
mdaV2 21419.868326 80 692 51.895438 34 37 17.038300
mdaV2 21429.868328 82 694 52.239428 34 37 17.038300
mdaV2 21429.868328 82 694 52.239428 34 37 17.038300
mdaV2 21439.869020 83 696 51.083237 34 37 17.038300
mdaV2 21439.869020 83 696 51.083237 34 37 17.038300
mdaV2 21449.869021 86 697 49.006110 34 37 17.038300
mdaV2 21449.869021 86 697 49.006110 34 37 17.038300
mdaV2 21459.869024 86 697 49.006110 34 37 17.038300
mdaV2 21459.869024 86 697 49.006110 34 37 17.038300
mdaV2 21469.869026 86 698 49.006110 34 37 17.038300
mdaV2 21469.869026 86 698 49.006110 34 37 17.038300
mdaV2 21480.039953 86 698 49.006110 34 37 17.038300
mdaV2 21480.039953 86 698 49.006110 34 37 17.038300
mdaV2 21490.167432 86 701 49.006110 34 37 17.038300
mdaV2 21490.167432 86 701 49.006110 34 37 17.038300
mdaV2 21500.290774 86 703 49.006110 34 37 17.038300
mdaV2 21500.290774 86 703 49.006110 34 37 17.038300
mdaV2 21510.290779 86 704 49.006110 34 37 17.038300
mdaV2 21510.290779 86 704 49.006110 34 37 17.038300
mdaV2 21520.472803 86 705 49.006110 35 38 16.554790
mdaV2 21520.472803 86 705 49.006110 35 38 16.554790
mdaV2 21530.472806 86 707 49.006110 35 38 16.554790
mdaV2 21530.472806 86 707 49.006110 35 38 16.554790
mdaV2 21540.669697 90 711 47.106294 35 38 16.554790
mdaV2 21540.669697 90 711 47.106294 35 38 16.554790
mdaV2 21550.709214 90 714 47.106294 35 38 16.554790
mdaV2 21550.709214 90 714 47.106294 35 38 16.554790
mdaV2 21560.709219 90 716 47.106294 35 38 16.554790
mdaV2 21560.709219 90 716 47.106294 35 38 16.554790
mdaV2 21570.823361 90 718 47.106294 35 38 16.554790
mdaV2 21570.823361 90 718 47.106294 35 38 16.554790
mdaV2 21580.846804 91 720 50.411214 35 38 16.554790
mdaV2 21580.846804 91 720 50.411214 35 38 16.554790
mdaV2 21590.846812 91 722 50.411214 35 38 16.554790
mdaV2 21590.846812 91 722 50.411214 35 38 16.554790
mdaV2 21600.913521 91 723 50.411214 36 39 16.122282
mdaV2 21600.913521 91 723 50.411214 36 39 16.122282
mdaV2 21610.984528 92 725 48.668709 36 39 16.122282
mdaV2 21610.984528 92 725 48.668709 36 39 16.122282
mdaV2 21621.037517 92 726 48.668709 36 39 16.122282
mdaV2 21621.037517 92 726 48.668709 36 39 16.122282
